1.0	0.0	0.0
1.0	0.0	0.0
0.0	0.0	1.0
0.338946405362	0.411019455563	0.510808381899
0.333687400576	0.385333373303	0.539234597701
0.373239725953	0.410625948859	0.471558693187
0.31034295025	0.421466515061	0.526039944564
0.0	0.0	1.0
0.320894869634	0.372124391725	0.570836275206
0.34315701885	0.412282300248	0.500331803246
0.0	0.0	1.0
0.309606762529	0.4459557669	0.503614785749
0.0	0.0	1.0
0.348553361021	0.441554035734	0.465957253204
1.0	0.0	0.0
0.298747291134	0.49939142309	0.462055354725
0.0	0.0	1.0
0.315620060668	0.357693615304	0.590779025469
0.30629930396	0.433663211685	0.517272050784
1.0	0.0	0.0
0.0	0.0	1.0
0.0	0.0	1.0
0.0	0.0	1.0
1.0	0.0	0.0
0.334513033016	0.465068208966	0.45638235004
0.0	0.0	1.0
0.325640696487	0.415920955135	0.517775515671
0.0	0.0	1.0
1.0	0.0	0.0
0.0	0.0	1.0
0.293271945277	0.447982058103	0.522508951442
0.302224126844	0.44678529368	0.508749334591
0.0	0.0	1.0
1.0	0.0	0.0
0.325850936629	0.391002887866	0.54080610321
0.281134816147	0.447734444017	0.534526700609
0.352431823701	0.438853181165	0.467497882058
0.325678881912	0.387034844338	0.549084623423
0.0	0.0	1.0
0.0	0.0	1.0
0.0	0.0	1.0
0.0	0.0	1.0
0.0	0.0	1.0
0.298521610223	0.404853225633	0.558550705332
0.359053190855	0.475648581807	0.422804327793
0.362672963409	0.365940865891	0.530361832673
0.0	0.0	1.0
0.329963963466	0.436899271571	0.490755317833
0.0	0.0	1.0
0.0	0.0	1.0
0.0	0.0	1.0
0.307650445792	0.434483197262	0.519902770027
0.360269881179	0.414953022706	0.479958896699
0.321121131673	0.398889355587	0.539312825013
0.320648512868	0.406068934106	0.531104237644
0.0	0.0	1.0
0.281764782106	0.43406908568	0.54728888745
0.0	0.0	1.0
0.366399092502	0.409963784758	0.484816574591
0.0	0.0	1.0
0.0	0.0	1.0
0.313213575232	0.473224445441	0.474488559851
0.335353737769	0.430879383584	0.494762119232
0.321230454441	0.460462592603	0.480712730342
0.345218878544	0.448745763453	0.466050930545
0.0	0.0	1.0
0.323729670028	0.40848356163	0.523838780431
0.301667552727	0.45226086788	0.507304736335
0.0	0.0	1.0
0.354445935818	0.432400400757	0.473990427033
0.343877366179	0.383587286034	0.534193411072
0.336415016432	0.424691312397	0.496962527291
0.0	0.0	1.0
0.0	0.0	1.0
0.342639539866	0.487732307779	0.427589680783
0.337292014443	0.427871544849	0.492212955782
0.34042120592	0.421642449886	0.500200670056
0.329979983258	0.461137607152	0.464555680607
0.0	0.0	1.0
0.0	0.0	1.0
0.338226638872	0.400600873986	0.522542209812
0.0	0.0	1.0
0.0	0.0	1.0
0.0	0.0	1.0
0.314287181202	0.428676507183	0.515081837902
0.0	0.0	1.0
0.333327490341	0.390700195073	0.538109231109
0.0	0.0	1.0
0.0	0.0	1.0
0.0	0.0	1.0
0.0	0.0	1.0
0.0	0.0	1.0
0.0	0.0	1.0
0.328282712061	0.449653356063	0.478032949437
0.350618169202	0.396282314336	0.514170919873
0.0	0.0	1.0
0.0	0.0	1.0
0.325597135	0.437743839204	0.494304810019
0.343986921226	0.391015389708	0.524154801602
0.0	0.0	1.0
0.306194812153	0.450355383295	0.505298374241
0.338706930196	0.448735186277	0.468990025793
0.329805726536	0.434458795718	0.496991456845
0.0	0.0	1.0
0.341542498319	0.413222224774	0.506786762626
1.0	0.0	0.0
1.0	0.0	0.0
0.0	0.0	1.0
0.330654972459	0.414658486666	0.516932271299
0.345592231039	0.407656383323	0.506527244646
0.0	0.0	1.0
0.323036176085	0.444718939811	0.491172813303
0.308579288313	0.433892148186	0.516195546677
0.347398821341	0.409852433607	0.50161449058
0.33170984643	0.400349161429	0.526888634456
0.0	0.0	1.0
1.0	0.0	0.0
0.330002928794	0.438158087339	0.496617981491
0.0	0.0	1.0
0.319493614807	0.384089184426	0.557798575433
0.0	0.0	1.0
0.295088196687	0.40829821536	0.557532206901
0.0	0.0	1.0
0.0	0.0	1.0
0.0	0.0	1.0
0.369635159114	0.419058084694	0.466298656432
0.0	0.0	1.0
0.344871406221	0.431879738901	0.478663315605
0.317676045188	0.443722707071	0.503185105109
1.0	0.0	0.0
0.0	0.0	1.0
1.0	0.0	0.0
1.0	0.0	0.0
0.0	0.0	1.0
0.335818827579	0.424663355133	0.496476982034
0.363932100942	0.418973699052	0.472256970053
0.0	0.0	1.0
0.335686945502	0.480920950244	0.443792542026
0.352379237628	0.425891630743	0.480822731495
0.364881197915	0.340915923323	0.551351917788
1.0	0.0	0.0
0.31548363881	0.444886566272	0.498700759388
1.0	0.0	0.0
1.0	0.0	0.0
0.323041697051	0.441365223465	0.498486173285
0.310123016017	0.406529606857	0.543786390232
0.341528197986	0.394244989277	0.523298405407
0.0	0.0	1.0
0.0	0.0	1.0
0.389745629773	0.372639158791	0.492540042067
0.0	0.0	1.0
0.0	0.0	1.0
0.322339550256	0.397820285565	0.543340945014
0.0	0.0	1.0
0.0	0.0	1.0
0.0	0.0	1.0
0.333671692841	0.496829332032	0.425910281327
0.0	0.0	1.0
0.34076533461	0.421830346271	0.492733220262
1.0	0.0	0.0
0.344350222492	0.401437914853	0.511409918874
0.0	0.0	1.0
0.315118652141	0.483694048327	0.460574182739
0.317052924928	0.394471051279	0.548702584934
0.0	0.0	1.0
0.356701871987	0.380645175967	0.521373823241
0.0	0.0	1.0
1.0	0.0	0.0
0.0	0.0	1.0
1.0	0.0	0.0
0.343324051687	0.386276660592	0.531932527978
0.35049237471	0.426897794773	0.4809152439
0.334018624516	0.425855002457	0.49620417297
0.386941536226	0.34187600792	0.527809498679
0.0	0.0	1.0
0.33716417222	0.485503298481	0.433488846587
1.0	0.0	0.0
0.361182933927	0.37684609443	0.51883002695
0.292844987669	0.484810999056	0.48470710968
0.0	0.0	1.0
1.0	0.0	0.0
0.337020850257	0.382281865818	0.54172351486
0.0	0.0	1.0
0.31215546659	0.474080093807	0.474154187075
0.339505696246	0.416752161492	0.500141017765
0.330318155773	0.387268890386	0.53883765006
0.364722288989	0.394564531519	0.500235475476
0.0	0.0	1.0
0.355072692764	0.423398050051	0.477281398829
0.0	0.0	1.0
0.347368937333	0.41671061171	0.491653828649
0.347109035427	0.403893951074	0.508320728595
0.328522270082	0.468653917533	0.462364295762
0.360300429596	0.3239911426	0.575111228113
0.308459508862	0.409920878644	0.543404575935
0.353223832598	0.407170891497	0.498049518134
0.321570714858	0.428612107405	0.508581083836
0.0	0.0	1.0
0.0	0.0	1.0
0.307935429017	0.377773450155	0.578848272394
0.302957737146	0.427492512135	0.529621620347
1.0	0.0	0.0
0.361117722638	0.428237170496	0.465008282027
0.32909096162	0.438130692664	0.492708616838
0.0	0.0	1.0
0.336634467795	0.477018823399	0.44308731693
0.314060389903	0.42925122477	0.516798934574
0.337628970137	0.371558257572	0.549553241729
0.316198193278	0.450912081282	0.494851508721
0.0	0.0	1.0
0.0	0.0	1.0
0.325226592501	0.392016219613	0.541968617188
0.360700469783	0.415995695354	0.479279780216
0.327349844388	0.430172621166	0.499449295815
0.304484883811	0.479269676429	0.476193104727
0.0	0.0	1.0
0.326226958354	0.392769249824	0.539962793502
0.320986623861	0.446624470757	0.491515730532
0.0	0.0	1.0
0.0	0.0	1.0
0.315002888767	0.399086019129	0.546045917219
0.33981794831	0.383471557925	0.532788087653
0.0	0.0	1.0
0.357665562596	0.42875437366	0.46744675783
0.311473454715	0.505980496676	0.443478226444
0.305532820715	0.449880733125	0.506081004685
0.329979383043	0.422415545346	0.510554745532
0.0	0.0	1.0
0.33721864856	0.363874602206	0.559224567274
0.344750023368	0.408453493517	0.505000644255
0.322470839161	0.406311235796	0.529839552465
0.0	0.0	1.0
0.320048809866	0.432740528844	0.505345306312
0.0	0.0	1.0
0.304279972817	0.469644993243	0.486707038822
0.0	0.0	1.0
0.328010441675	0.413334746132	0.517747061285
0.327465285105	0.44585036243	0.485968296933
0.310023493197	0.437555678892	0.513194766682
0.0	0.0	1.0
0.0	0.0	1.0
0.323515879122	0.442812817147	0.489742245097
1.0	0.0	0.0
0.339150920271	0.365840998706	0.555548752494
0.0	0.0	1.0
0.0	0.0	1.0
0.0	0.0	1.0
0.0	0.0	1.0
0.0	0.0	1.0
0.0	0.0	1.0
0.0	0.0	1.0
0.0	0.0	1.0
0.362832136976	0.455213441055	0.436336386331
0.303194298772	0.496869992274	0.460749245082
0.0	0.0	1.0
0.0	0.0	1.0
0.345483591474	0.438757008037	0.468006219661
0.337313529568	0.39162052476	0.532580715157
1.0	0.0	0.0
0.330208020175	0.470280477829	0.454018294163
0.0	0.0	1.0
0.322762618455	0.433018207727	0.50351161699
0.0	0.0	1.0
0.312942474353	0.439361372955	0.508875840761
0.328104672859	0.470259273575	0.461236199152
0.0	0.0	1.0
0.338546472101	0.383783557024	0.535114958668
0.0	0.0	1.0
0.31500550317	0.399022737262	0.544519395832
0.0	0.0	1.0
0.0	0.0	1.0
0.0	0.0	1.0
0.317759702724	0.418077960379	0.523435130974
0.2867029023	0.437662708451	0.539237819613
1.0	0.0	0.0
1.0	0.0	0.0
0.0	0.0	1.0
0.333703428779	0.441906279272	0.483390444681
1.0	0.0	0.0
0.317726292677	0.419115208009	0.522370110188
0.32988702784	0.436254354058	0.490911485867
0.327403449142	0.427379871247	0.510956362895
0.330287086584	0.446059882494	0.487559394811
0.0	0.0	1.0
0.320757983185	0.409761613733	0.535000848164
0.343404058982	0.450383763903	0.467958857917
0.313308963762	0.431634705634	0.520298400109
1.0	0.0	0.0
0.326838369322	0.464960003222	0.475138826932
0.350711583136	0.408412563964	0.498269258968
0.0	0.0	1.0
0.301359973788	0.437877507345	0.527693493791
0.303106486254	0.41288893312	0.549895177065
0.308616473594	0.452172059885	0.505046648722
0.302122696023	0.452577014347	0.513538515865
0.342635885437	0.412500232381	0.509039972364
0.0	0.0	1.0
0.313311372306	0.444655797663	0.502581537113
0.331221977907	0.455240513811	0.471129682651
0.342148737802	0.364011813284	0.558471708122
0.32015244887	0.465586098401	0.478752906681
0.383456920303	0.416459073283	0.453580636666
0.324988846781	0.464958120838	0.466042194921
0.310219076963	0.438535862196	0.514779635821
0.313597392194	0.488569584205	0.453885260771
0.351388724507	0.374194488221	0.5328374027
0.0	0.0	1.0
0.0	0.0	1.0
0.345249310315	0.445326665629	0.467714603455
0.0	0.0	1.0
0.335451195783	0.463714027001	0.465075562322
0.308067853775	0.469866957921	0.484257815927
0.298675057819	0.445290332101	0.522276316217
0.32367422626	0.444449742624	0.492409798001
0.0	0.0	1.0
0.365928740008	0.448051151071	0.441277527683
0.0	0.0	1.0
0.0	0.0	1.0
0.294175925204	0.435078396802	0.537484593751
0.331111744462	0.426287379855	0.507584869671
0.315457885875	0.435689892614	0.517152665869
0.310356912356	0.432964544431	0.526955741917
0.347189473588	0.429225678326	0.482029616385
0.345595275088	0.430833497871	0.484209175604
0.0	0.0	1.0
0.350040256373	0.421105386997	0.487058942067
0.0	0.0	1.0
0.316765783884	0.460095334043	0.486488142808
0.0	0.0	1.0
0.327725396002	0.416475938448	0.516552660876
0.321368719371	0.43154302774	0.503683182702
0.310588139784	0.427277509285	0.519810907997
0.313879263841	0.457366153664	0.499027654801
0.330752322323	0.448166521254	0.484495001622
0.0	0.0	1.0
0.303642702	0.475994799554	0.484106474707
0.344789060508	0.429243759893	0.489040493459
0.312532472408	0.442564358707	0.513597518781
0.312374521421	0.403217871514	0.545417966559
0.0	0.0	1.0
0.313607131921	0.447601757966	0.505362182167
0.322452604432	0.457302632508	0.482875501922
0.0	0.0	1.0
0.308837348555	0.456995228333	0.501449046882
0.357302297223	0.394602298852	0.506660982218
0.322844379645	0.429315727245	0.516799002271
0.35958736423	0.371667442355	0.529272071716
0.321435057187	0.454171419032	0.481988279233
0.0	0.0	1.0
0.326991403417	0.430831471628	0.509172962246
0.0	0.0	1.0
0.326502956057	0.441747762153	0.497395397635
0.335425385513	0.426409689375	0.505827526395
0.342321068434	0.437242541398	0.485122492621
0.312544172634	0.409711028036	0.535902440222
0.0	0.0	1.0
0.342539066115	0.425708841536	0.487929000671
0.0	0.0	1.0
0.331538281492	0.422499582708	0.508283474169
0.354276328651	0.394660411998	0.508139664704
0.0	0.0	1.0
0.313053681216	0.461111802738	0.484541359423
0.356588403965	0.389971574296	0.513503353794
0.335502525676	0.405321106922	0.515537072463
0.304101742546	0.448664760398	0.508059260377
0.362605158829	0.408978614866	0.480573006049
0.0	0.0	1.0
0.325600923323	0.421651320668	0.50816292627
1.0	0.0	0.0
0.33636020769	0.433161897665	0.493791617283
0.337886039705	0.357254918622	0.564564360508
0.0	0.0	1.0
0.0	0.0	1.0
0.343982053703	0.444274584286	0.467383477207
0.327908024541	0.396362806391	0.533547206387
0.354452162884	0.404500619908	0.500158657629
0.0	0.0	1.0
0.0	0.0	1.0
0.0	0.0	1.0
0.311294827816	0.399417548554	0.548763442757
0.320771219917	0.401607126402	0.53404565124
0.324125773097	0.457492611081	0.476250531752
1.0	0.0	0.0
0.0	0.0	1.0
0.0	0.0	1.0
0.341865423718	0.436994315493	0.475673315709
0.0	0.0	1.0
1.0	0.0	0.0
0.0	0.0	1.0
0.0	0.0	1.0
1.0	0.0	0.0
0.0	0.0	1.0
0.311190396869	0.413489529084	0.541296777557
0.361784691923	0.407100391368	0.483369042943
0.352789644903	0.440670252829	0.464546178867
0.316156106129	0.458246232596	0.488598193127
0.0	0.0	1.0
0.364245363846	0.431448620432	0.458537323508
0.340624947835	0.450508760157	0.461680472986
0.0	0.0	1.0
0.0	0.0	1.0
0.347118908215	0.394538361979	0.514515209152
0.336665955296	0.387501515989	0.531004605288
0.34128537005	0.42508669244	0.490365772028
0.331925894595	0.412293485789	0.514002019726
0.338757540306	0.431875897688	0.491000324944
0.0	0.0	1.0
0.343227288471	0.440809409948	0.46967368394
0.351157152557	0.436835132718	0.467326478637
0.343789339649	0.39938629677	0.513482311906
0.324511994376	0.449136593742	0.4829248352
0.0	0.0	1.0
0.0	0.0	1.0
1.0	0.0	0.0
0.305073381672	0.477958828959	0.479100731531
0.368208055296	0.359475035544	0.52970519826
0.0	0.0	1.0
0.33119785157	0.422843505945	0.509442078303
0.30907692385	0.39059881019	0.560499141516
0.310746461867	0.458527105391	0.495391772425
0.342947052684	0.421972895911	0.490108866596
0.335104506688	0.42832177476	0.491693325031
0.359521258452	0.505592578194	0.39135011032
0.301032305577	0.453049222439	0.509331138388
0.0	0.0	1.0
0.0	0.0	1.0
0.0	0.0	1.0
0.315100166264	0.468455052908	0.473210746881
0.0	0.0	1.0
0.356159694805	0.437469972517	0.466612232359
0.0	0.0	1.0
0.0	0.0	1.0
0.0	0.0	1.0
0.333874175715	0.426478351956	0.497955105289
0.0	0.0	1.0
0.0	0.0	1.0
1.0	0.0	0.0
0.0	0.0	1.0
0.309722566989	0.595232676332	0.358061448954
0.321482706089	0.412970720526	0.52219365322
0.0	0.0	1.0
0.305971119653	0.434776179302	0.523799781066
0.328586722727	0.520452425172	0.408469003781
0.323275960584	0.388166390276	0.547190193939
0.0	0.0	1.0
0.340355725518	0.444018673856	0.481759058847
0.334023704695	0.391934532421	0.534011104889
0.0	0.0	1.0
0.31950035458	0.385330470454	0.552582971973
0.0	0.0	1.0
0.328973837051	0.454754393233	0.469257994023
0.339842611741	0.420533029242	0.497286978622
0.274106349867	0.443884022807	0.552787775183
0.317184475742	0.447683575401	0.495336476961
0.313048108894	0.423031257765	0.522015431559
0.287059212139	0.437616146427	0.537421685975
1.0	0.0	0.0
0.31462803793	0.464701719038	0.484489458666
0.0	0.0	1.0
0.0	0.0	1.0
0.315222414722	0.450620551514	0.491626585484
0.326851663129	0.423051753278	0.505360058181
0.307613749377	0.470194745292	0.479760301871
0.323768215527	0.441143049994	0.496068921301
0.32356296626	0.4196714838	0.522220780789
0.401299161229	0.402335641997	0.449939754864
0.0	0.0	1.0
0.345596141211	0.393512073249	0.521274693372
0.30246419752	0.464409957309	0.494946278294
1.0	0.0	0.0
0.0	0.0	1.0
0.345288416992	0.395212600659	0.51588752565
0.0	0.0	1.0
0.307002478102	0.477843928583	0.472706543764
0.344066252121	0.436301157275	0.473747601491
0.0	0.0	1.0
0.300820509887	0.404482756738	0.555264344586
0.0	0.0	1.0
0.329524409602	0.409450516557	0.522947596235
0.288404840503	0.486343429944	0.487166431975
0.311835223044	0.441779153053	0.509625748169
0.0	0.0	1.0
0.331006435328	0.466027449566	0.458041138739
0.305931477022	0.429913705146	0.528249481713
1.0	0.0	0.0
0.351999702849	0.432259358694	0.469920891824
0.0	0.0	1.0
0.280928240167	0.458346767462	0.525599000219
0.306441269587	0.429744340822	0.521460541548
1.0	0.0	0.0
0.316926225919	0.430205601702	0.515250496097
0.301809383174	0.368106828128	0.59090787258
0.319910439714	0.445048265355	0.491825797795
0.0	0.0	1.0
0.338690429941	0.416143213311	0.504109572679
0.301257055004	0.424580496153	0.532882171776
1.0	0.0	0.0
0.0	0.0	1.0
0.0	0.0	1.0
0.340319037211	0.404100338592	0.51774759181
0.312225898892	0.424601283443	0.522874208802
1.0	0.0	0.0
0.329753145114	0.475262738027	0.452579007539
0.359104580709	0.372069993595	0.52762871892
0.287651445411	0.373790605808	0.602646450102
0.347406062435	0.3641014801	0.545535006433
0.321698373775	0.392454240375	0.542408182177
0.0	0.0	1.0
0.370053273803	0.342879016483	0.549085824486
0.0	0.0	1.0
0.307224248004	0.454702535302	0.499011611891
1.0	0.0	0.0
0.0	0.0	1.0
0.332518578453	0.455497337794	0.47101683915
0.0	0.0	1.0
1.0	0.0	0.0
0.0	0.0	1.0
0.0	0.0	1.0
0.0	0.0	1.0
0.0	0.0	1.0
0.349701988145	0.4245481918	0.489504345658
0.330279112625	0.398225245639	0.536634733526
0.316616140071	0.448636423678	0.497789288691
0.0	0.0	1.0
0.0	0.0	1.0
0.380975516869	0.368698503905	0.503606769937
0.341264574753	0.43572380285	0.479984004793
0.28869379496	0.481441151954	0.498403679632
0.314133077964	0.471810321116	0.474109920564
0.355299968476	0.437080841429	0.464625329454
0.301136371456	0.471991373649	0.491578883244
0.315598406473	0.503367710617	0.439576674627
0.0	0.0	1.0
0.294455286559	0.453828265266	0.521327843246
0.329089194925	0.411389855126	0.521904252409
0.0	0.0	1.0
0.281315039204	0.414336818266	0.569410988922
0.345788736609	0.380914261286	0.52951285864
0.0	0.0	1.0
0.0	0.0	1.0
0.296213353935	0.451245118931	0.514125017535
0.308891650163	0.418892869926	0.534239335326
0.0	0.0	1.0
0.0	0.0	1.0
1.0	0.0	0.0
0.0	0.0	1.0
0.0	0.0	1.0
0.314023242375	0.437264899102	0.515894678461
0.298596358724	0.424128453735	0.54125031652
0.355037485985	0.39296163132	0.512565683328
0.357329975562	0.399327998486	0.501129207746
0.32666560155	0.427684215295	0.501051639326
0.309673043719	0.367423214663	0.58714413772
0.316053821112	0.402066388589	0.541362751439
1.0	0.0	0.0
0.0	0.0	1.0
0.316832631077	0.488738865536	0.451552035649
0.0	0.0	1.0
0.335947274425	0.449639663038	0.475524556876
0.33113422969	0.421490242478	0.508453598216
0.300272428107	0.40705224027	0.555276126936
0.312225898892	0.424601283443	0.522874208802
0.290741840553	0.384416892764	0.591624428963
0.347673932559	0.40356353723	0.503585660456
0.279933120727	0.428537211468	0.555609535902
0.329513199038	0.413678057984	0.516442137215
0.286943488859	0.420044737911	0.555723277956
0.339607577186	0.481694897815	0.43396297721
0.0	0.0	1.0
0.316237415269	0.44014475037	0.502474160552
0.283216435454	0.568093203922	0.414089894572
0.303948735424	0.431799451723	0.524016290674
0.0	0.0	1.0
0.279752831479	0.541870485086	0.44653941718
0.324158773163	0.465082092648	0.470733155345
0.300610915593	0.45370509865	0.506655247253
0.0	0.0	1.0
0.0	0.0	1.0
0.299466248496	0.564641791933	0.399542578321
0.372101073856	0.389461452868	0.496148082337
0.0	0.0	1.0
0.309175382826	0.39613943234	0.557565830982
0.0	0.0	1.0
0.343927100663	0.456597004345	0.460241189312
0.325380596743	0.428185183448	0.505919088856
0.33463426719	0.434979979999	0.492516678819
0.0	0.0	1.0
0.0	0.0	1.0
0.312093992541	0.359329592221	0.59152572928
0.354496311452	0.421874552222	0.476683548588
0.31205836712	0.449119263707	0.49870709995
0.0	0.0	1.0
0.0	0.0	1.0
1.0	0.0	0.0
0.279458458593	0.566253712509	0.420415418401
0.33178776781	0.405561118042	0.519597537224
0.297426796747	0.486441003708	0.482738714957
0.0	0.0	1.0
0.0	0.0	1.0
0.346645667014	0.40080418618	0.511998738852
0.286348399537	0.359802666052	0.619727444408
0.281487666397	0.575792934883	0.407052836529
0.33192141953	0.445535033141	0.480657064854
0.330175359091	0.415603277269	0.510986063087
0.368710492185	0.390161810381	0.496516708264
0.0	0.0	1.0
0.0	0.0	1.0
0.339027188213	0.38904064693	0.533515226844
0.0	0.0	1.0
1.0	0.0	0.0
0.328569106914	0.423701647869	0.506636941804
0.0	0.0	1.0
0.0	0.0	1.0
0.340558351497	0.411208982219	0.504295247834
0.313672253928	0.4358608924	0.512590170115
0.32354691034	0.436436882605	0.50277558206
0.0	0.0	1.0
0.293165690877	0.471471174796	0.494001146293
0.0	0.0	1.0
0.0	0.0	1.0
0.318420407445	0.417360485547	0.533203294177
0.354910360993	0.426291130908	0.471688663299
0.356694463834	0.437484420675	0.462840402527
0.328340550603	0.403762191489	0.525963915439
0.313809175435	0.432658502343	0.516533142686
0.311054257439	0.41031733023	0.537124585857
0.34620120141	0.438332971878	0.477213786697
0.0	0.0	1.0
0.0	0.0	1.0
0.324091063917	0.426188620278	0.515429598424
1.0	0.0	0.0
0.0	0.0	1.0
0.349652477429	0.441995296023	0.470319232564
0.351372880405	0.339883832848	0.566554256667
0.368406112754	0.399347768561	0.486565323711
0.0	0.0	1.0
0.328474800017	0.428238209023	0.502897518189
0.308274405664	0.439953471176	0.510580478404
0.0	0.0	1.0
0.343209130089	0.408369009378	0.508746532261
0.0	0.0	1.0
0.0	0.0	1.0
0.0	0.0	1.0
0.287475121572	0.435490828247	0.539727459598
0.314691072112	0.452890555961	0.493329062213
0.299686202259	0.460074322967	0.500756778213
0.0	0.0	1.0
0.339302519929	0.429325136474	0.491406498411
0.324496323004	0.415715274203	0.518728946661
0.337528476884	0.472073093559	0.451500281212
0.29629442792	0.402126874534	0.562130588455
0.0	0.0	1.0
0.338548819993	0.441769745755	0.4756263169
0.341985176489	0.453447014171	0.467748571588
0.0	0.0	1.0
0.0	0.0	1.0
0.0	0.0	1.0
1.0	0.0	0.0
0.325490883506	0.42643850324	0.509340233157
0.289672757514	0.506611089431	0.47016705692
0.315450496871	0.427662109563	0.519293642354
0.350033849679	0.405262782061	0.506481410167
0.326745959771	0.407124166606	0.525668034838
0.326036177229	0.403455831711	0.52772426132
0.354788260954	0.40361501283	0.49763605147
0.321364326836	0.480748467466	0.457980847049
0.0	0.0	1.0
0.30602572711	0.478826890988	0.47394066849
0.33339812685	0.429627490771	0.50199171475
0.0	0.0	1.0
0.0	0.0	1.0
0.369422754031	0.428723652487	0.457906364274
0.299005550808	0.423837375232	0.53953753332
1.0	0.0	0.0
0.291650805631	0.463571873035	0.506206324681
0.319780683723	0.411139189189	0.529165714993
0.312154201018	0.470368900344	0.479062562183
0.313406865316	0.458099606423	0.493110203861
0.326412249868	0.437421066626	0.494911002797
0.308659847007	0.431343054714	0.516776749207
0.317403967569	0.435107887447	0.511929835489
0.345292033185	0.413137458429	0.499841970544
0.322231298759	0.408262775088	0.533630055444
1.0	0.0	0.0
1.0	0.0	0.0
0.0	0.0	1.0
0.308096586473	0.416193644157	0.535626715737
1.0	0.0	0.0
0.0	0.0	1.0
1.0	0.0	0.0
0.0	0.0	1.0
0.339119868616	0.432652505729	0.483988646281
0.369835357085	0.413109505572	0.474970829498
0.0	0.0	1.0
0.325030688484	0.443798884603	0.491056955809
0.327360635936	0.421904523856	0.505680766997
0.0	0.0	1.0
0.320232803529	0.445303258379	0.495542449062
0.318549315836	0.443408295345	0.498598202166
1.0	0.0	0.0
0.324473723812	0.44077889445	0.490026171946
0.0	0.0	1.0
0.352871244124	0.41902273847	0.482386861808
0.335709247406	0.443746952501	0.474578171315
0.350621487462	0.421691088571	0.482849163567
1.0	0.0	0.0
1.0	0.0	0.0
0.0	0.0	1.0
0.329345651988	0.472152433076	0.454325036477
0.319746750305	0.395715672208	0.544773347289
0.319125094757	0.408552239164	0.538082278826
0.0	0.0	1.0
1.0	0.0	0.0
0.0	0.0	1.0
0.340324853629	0.431180621958	0.485017417832
1.0	0.0	0.0
0.352503797006	0.430449637765	0.475437511597
0.314351063963	0.387986335252	0.555437281353
0.352576174272	0.415547982464	0.492880210447
0.368556337376	0.382882398474	0.505141394067
0.344988843994	0.389021930492	0.529145266682
0.360219073926	0.389108402465	0.509038697801
0.0	0.0	1.0
0.0	0.0	1.0
0.345466684933	0.358987319494	0.55237023729
0.0	0.0	1.0
0.295058140958	0.451549459618	0.517234821598
0.0	0.0	1.0
0.354645459635	0.368864762719	0.540367923929
0.0	0.0	1.0
0.0	0.0	1.0
0.0	0.0	1.0
0.307924420849	0.428659505309	0.525168833745
0.317918867852	0.447984924552	0.49054925909
0.0	0.0	1.0
0.335348944779	0.436178137455	0.484984512457
1.0	0.0	0.0
1.0	0.0	0.0
0.310895406923	0.381499500289	0.568363769881
0.341077739809	0.40878460946	0.50560690054
0.0	0.0	1.0
0.0	0.0	1.0
0.0	0.0	1.0
0.0	0.0	1.0
0.314404612291	0.421490981804	0.528034673348
0.331737031399	0.426337830408	0.499466036827
0.309155179563	0.427610015065	0.524509832622
0.0	0.0	1.0
0.0	0.0	1.0
0.30502366201	0.497665266712	0.458956519308
0.309946286858	0.376123631454	0.576137547821
0.0	0.0	1.0
0.301922121082	0.433000622678	0.527192064919
0.329925621575	0.457840053736	0.471555987911
0.345863032537	0.390170881871	0.521898667491
0.327657267451	0.503307402514	0.425600139194
0.302583475594	0.41962857799	0.537518912438
0.328385697644	0.400178071765	0.533068605349
0.333467041084	0.476223414917	0.449101712934
0.314623301386	0.42161122083	0.525073739156
0.283840295489	0.390579391478	0.586304972716
0.503498756146	0.352712875984	0.400458649383
0.0	0.0	1.0
0.344312372488	0.429124889564	0.489473528666
0.305284285727	0.460355773797	0.495018187702
0.328150873177	0.45080594226	0.477341222098
0.316149649331	0.399035534035	0.54355357264
0.309890887291	0.45156321523	0.496757597439
0.329031289003	0.435399819068	0.495182960769
0.333005643375	0.397496049934	0.526830778237
0.327196098711	0.452106553113	0.476476010537
0.359805865883	0.430827863393	0.461985074789
0.358589526497	0.369474489822	0.526609801707
0.297875928701	0.425057742699	0.537352353681
1.0	0.0	0.0
0.33104335027	0.413202759058	0.518823052935
0.329431442503	0.427522869037	0.501966729929
0.0	0.0	1.0
1.0	0.0	0.0
0.303441666018	0.41997986028	0.533232911244
0.335414612398	0.4477476269	0.474087010375
1.0	0.0	0.0
0.0	0.0	1.0
0.0	0.0	1.0
0.0	0.0	1.0
0.326569262869	0.414177332189	0.51461540857
0.0	0.0	1.0
0.0	0.0	1.0
0.30097560189	0.403143100094	0.555733283329
1.0	0.0	0.0
0.363396022412	0.394538032263	0.497968303462
0.332277511297	0.448709352146	0.481278821041
1.0	0.0	0.0
0.0	0.0	1.0
0.0	0.0	1.0
0.35456714675	0.411374234962	0.486794476605
0.0	0.0	1.0
0.0	0.0	1.0
0.0	0.0	1.0
1.0	0.0	0.0
0.30720928105	0.457629541999	0.494460194035
0.0	0.0	1.0
0.342472743569	0.388389018784	0.527408286579
0.324151031621	0.380577676874	0.555666934965
0.0	0.0	1.0
0.0	0.0	1.0
0.32300076612	0.398676469786	0.537495813895
0.0	0.0	1.0
0.310937388277	0.426761152737	0.525938018351
0.34933610171	0.417565810437	0.490549904862
0.329577474887	0.400802700347	0.527862790758
0.0	0.0	1.0
1.0	0.0	0.0
0.338705838788	0.35316767066	0.568264799994
1.0	0.0	0.0
0.0	0.0	1.0
0.35039856286	0.4006797168	0.504859616189
0.300424285504	0.478907560394	0.479323752347
0.0	0.0	1.0
0.0	0.0	1.0
0.0	0.0	1.0
0.0	0.0	1.0
0.341313922055	0.330995671941	0.586193459389
0.341140311234	0.425528449462	0.488952845143
0.351632515076	0.436509071058	0.468285221241
0.339862151494	0.382008764123	0.538307082017
0.339642421872	0.404593518113	0.509193107032
0.294303153478	0.432539262126	0.536470754446
0.320832264164	0.45403796141	0.480959846831
0.345488976461	0.392866882022	0.518068025078
0.335996130027	0.397947434641	0.524834756752
1.0	0.0	0.0
0.315288774736	0.519212941347	0.422323312249
0.316448310056	0.423900940921	0.517151918127
0.0	0.0	1.0
1.0	0.0	0.0
0.341253212092	0.411623248425	0.510782509878
0.341039794551	0.398638838959	0.517417408314
0.344329248547	0.417796582469	0.496931044685
0.320885119363	0.397417682029	0.538303807555
0.32366430986	0.45459804817	0.48136924423
0.326552483538	0.415023997565	0.51588628209
1.0	0.0	0.0
0.0	0.0	1.0
0.0	0.0	1.0
0.341478697167	0.395796107052	0.518412754279
0.311981470212	0.416317560847	0.527885559917
0.371770018803	0.411594230429	0.471387949615
0.327799871057	0.48255117823	0.445515124751
0.0	0.0	1.0
0.318263625851	0.454937747685	0.486686865432
0.0	0.0	1.0
1.0	0.0	0.0
0.325743888257	0.381621113402	0.549922773851
1.0	0.0	0.0
0.329801358207	0.453050569959	0.47220814064
0.0	0.0	1.0
0.0	0.0	1.0
0.0	0.0	1.0
0.365985711551	0.429678627593	0.458256508121
1.0	0.0	0.0
0.0	0.0	1.0
0.0	0.0	1.0
0.0	0.0	1.0
0.365394834932	0.428662963296	0.458861890131
0.311478792328	0.438815427699	0.509903663828
0.363030003942	0.365667499192	0.53113782874
0.0	0.0	1.0
0.347943159109	0.461533812188	0.448394086764
0.32860799559	0.437448139011	0.489330478004
0.323157580559	0.427026965796	0.506673100063
0.332829199368	0.376444749875	0.547077069212
0.335817489866	0.403138027801	0.515869202009
0.333359109364	0.371708041295	0.55556686033
0.0	0.0	1.0
0.0	0.0	1.0
0.352980362375	0.417240306704	0.488070770375
0.321850757574	0.378242498156	0.557722585893
1.0	0.0	0.0
0.292977946142	0.464860264551	0.503370448213
0.0	0.0	1.0
0.0	0.0	1.0
0.0	0.0	1.0
0.0	0.0	1.0
0.309385823824	0.435188060399	0.513695261524
0.315281128659	0.483659417447	0.459162804578
0.304409078623	0.387867230557	0.568145636748
0.0	0.0	1.0
0.0	0.0	1.0
0.0	0.0	1.0
0.357498016762	0.395651786887	0.502328791788
0.0	0.0	1.0
1.0	0.0	0.0
0.0	0.0	1.0
0.315626772041	0.454937832941	0.483982700551
0.344513581049	0.448765107866	0.46147116839
0.298567592114	0.390572434552	0.573885206111
0.333274661051	0.40647780604	0.516934830999
0.0	0.0	1.0
0.338910734282	0.439183463223	0.4826536263
0.300866421843	0.49288964281	0.467190973169
0.347218733455	0.452276480924	0.456341710755
0.29726943333	0.490225262802	0.47241045303
0.344807847583	0.443638435265	0.467435637805
0.311340403272	0.431733656039	0.518289928516
0.0	0.0	1.0
0.322354372465	0.429873212354	0.505132269083
0.387173984017	0.40369682528	0.463680643571
0.300950125632	0.395824046201	0.566648544763
0.317332619793	0.480516043813	0.460543200739
0.307156935224	0.423032582149	0.523845461548
1.0	0.0	0.0
0.0	0.0	1.0
0.315208483289	0.453983851435	0.488912111934
0.337293226531	0.438454439463	0.47860135879
0.338904544696	0.436872162897	0.480236200683
1.0	0.0	0.0
0.311436913395	0.43470160256	0.512468185677
0.330209384835	0.411147752862	0.518042553492
0.346502916876	0.386087787636	0.52436087622
0.322127619574	0.385604597575	0.548915903928
0.333404362282	0.415894410462	0.507749872267
0.30219427825	0.390934247624	0.56619361509
0.0	0.0	1.0
0.0	0.0	1.0
0.369804762902	0.407541069188	0.477781083726
1.0	0.0	0.0
0.338252228421	0.420289623866	0.498374394551
0.343534353765	0.375609000674	0.540656615348
0.297629919919	0.443875758438	0.519049935168
1.0	0.0	0.0
0.356540224863	0.409869649961	0.489538410895
0.358321268948	0.400781325257	0.499500050783
0.0	0.0	1.0
0.327478113126	0.43406737132	0.493977450867
1.0	0.0	0.0
0.0	0.0	1.0
0.339745402872	0.408665819038	0.508563478175
0.0	0.0	1.0
0.340815763432	0.403054709263	0.514239763396
0.290661383317	0.424230241208	0.549359708662
0.315982069986	0.461579925443	0.483716658018
0.345189738426	0.3918190079	0.523901645084
0.338182325529	0.408349750611	0.514222085836
0.0	0.0	1.0
1.0	0.0	0.0
0.315232382588	0.431219004314	0.51417243899
0.302173105134	0.43255274633	0.526283856813
0.0	0.0	1.0
0.0	0.0	1.0
0.312536860193	0.420515473637	0.525839074957
0.0	0.0	1.0
0.293786321441	0.411789303645	0.561163363572
0.0	0.0	1.0
1.0	0.0	0.0
0.0	0.0	1.0
0.0	0.0	1.0
0.306015188455	0.459445990946	0.498603798344
0.0	0.0	1.0
0.33284507862	0.438198084371	0.483643768042
0.311844967964	0.402990552497	0.542747487307
0.342695693133	0.458696788763	0.458444945571
0.309288276919	0.428620890783	0.522538633972
0.308297409534	0.414985470307	0.5384710236
0.319707623741	0.414304314328	0.525469049614
0.0	0.0	1.0
0.340070147281	0.373079105546	0.548178337307
0.324876890379	0.452628988688	0.481117597698
0.0	0.0	1.0
0.296749361977	0.465716258617	0.50028290967
0.326703099328	0.380943957686	0.549875873642
1.0	0.0	0.0
0.297658260446	0.470476855652	0.494128121096
0.346856893142	0.427852873824	0.481231176871
0.336939397743	0.412077337183	0.507334196859
0.392100299443	0.379318457504	0.482926703114
0.343695989592	0.415765733969	0.495297140615
0.0	0.0	1.0
0.359551159825	0.426839543228	0.469778185045
0.0	0.0	1.0
0.0	0.0	1.0
0.338181845161	0.418297395387	0.501352781301
0.0	0.0	1.0
0.362601593384	0.401054511994	0.492408230597
0.324822766053	0.427888752757	0.507490528752
0.0	0.0	1.0
1.0	0.0	0.0
0.320296295312	0.429136072229	0.509863392734
0.0	0.0	1.0
0.302454027336	0.383746370255	0.575863906935
0.0	0.0	1.0
0.0	0.0	1.0
0.0	0.0	1.0
0.346251442665	0.444197790496	0.46542792468
0.334996066191	0.45054124399	0.470779247619
0.316747962554	0.416060103072	0.527238820696
0.323007669499	0.42752542534	0.515914525166
0.0	0.0	1.0
0.302075124141	0.461485118342	0.495697619035
0.31702571496	0.439298844466	0.501422347449
0.0	0.0	1.0
0.327419883857	0.397414984823	0.539009578505
0.316788831734	0.44528647208	0.504110769291
0.311249651402	0.448430596902	0.505157619268
0.0	0.0	1.0
0.359350445338	0.435902173415	0.463324004144
0.0	0.0	1.0
0.0	0.0	1.0
0.313270438641	0.450782648229	0.497141679672
0.30274309594	0.449837077749	0.507613897958
0.0	0.0	1.0
0.333739502081	0.410912292949	0.513776242758
0.0	0.0	1.0
0.316147555062	0.43498365447	0.510649098098
0.0	0.0	1.0
0.0	0.0	1.0
0.321797329066	0.443641073675	0.496026119914
0.0	0.0	1.0
0.320478616961	0.452299625795	0.490122420185
0.318597094573	0.470499321744	0.472781933578
0.317250926277	0.476695822733	0.466937385814
0.0	0.0	1.0
0.0	0.0	1.0
0.0	0.0	1.0
0.0	0.0	1.0
0.338465839393	0.419972054054	0.495027959592
0.301868859455	0.430495682376	0.52691669086
0.316302349331	0.509773609569	0.431982255501
0.0	0.0	1.0
0.0	0.0	1.0
0.0	0.0	1.0
0.322703055059	0.463592267802	0.473821599358
0.313658807152	0.450926849158	0.499449560286
1.0	0.0	0.0
0.338428035337	0.402947806732	0.5184811677
1.0	0.0	0.0
0.366035437151	0.387789351222	0.50594189808
0.0	0.0	1.0
0.286303919485	0.471475464835	0.50464171671
0.0	0.0	1.0
0.0	0.0	1.0
0.337285023463	0.397952920136	0.520032733815
0.310830806302	0.419988459819	0.526989776167
0.0	0.0	1.0
0.35956325375	0.434633283989	0.460103961826
0.304352241427	0.446025426267	0.512264830846
0.378449501065	0.366888483978	0.507806969082
0.322864253206	0.431680870482	0.502771357087
0.320550562571	0.421026474412	0.521243891651
0.0	0.0	1.0
0.347546286256	0.41187570682	0.502044657213
0.35868161959	0.377403753789	0.523293502362
0.350258485499	0.37952377749	0.532586337733
0.326593964336	0.433625392826	0.496610532382
0.0	0.0	1.0
0.332272754033	0.397119067242	0.528749741274
0.0	0.0	1.0
0.328314167328	0.442730540377	0.487927870302
0.332141313444	0.407316672899	0.524219067368
0.35748710501	0.408200195188	0.488886471142
0.362839632479	0.389373742199	0.505331684915
0.365481650207	0.399714844516	0.491619598271
0.0	0.0	1.0
0.0	0.0	1.0
0.32719975949	0.432232504665	0.49966364233
0.0	0.0	1.0
0.0	0.0	1.0
0.0	0.0	1.0
0.0	0.0	1.0
0.0	0.0	1.0
0.31605400652	0.407668923528	0.538964004922
0.31212102709	0.385868292174	0.56432567421
0.330011080097	0.464652228755	0.460434406727
0.0	0.0	1.0
0.325827478841	0.4173266618	0.515959356686
0.0	0.0	1.0
0.293749680433	0.452597380346	0.522502148754
0.0	0.0	1.0
0.327994769573	0.41648572608	0.517563696834
0.0	0.0	1.0
0.341239386981	0.44131043602	0.471455725512
0.349211521224	0.423638345508	0.485911779218
0.0	0.0	1.0
0.371614744488	0.318692931712	0.574306654934
0.321429587046	0.384582398536	0.552375001879
0.297063020278	0.419114788644	0.54720318376
0.352800481791	0.377014699385	0.526399726589
0.33970459273	0.379656315854	0.54068687066
0.0	0.0	1.0
0.313285726866	0.436156579007	0.509399692048
0.324493360505	0.394714200891	0.540468694987
0.331721577698	0.431179186207	0.499725250426
0.0	0.0	1.0
0.351674244464	0.418349868581	0.490577152653
0.292155025917	0.471970829983	0.497666145103
0.0	0.0	1.0
0.320548906562	0.405564740122	0.537768853482
0.360869040157	0.403481125732	0.491102203573
0.0	0.0	1.0
0.364049126275	0.381229592753	0.514394426983
0.0	0.0	1.0
0.0	0.0	1.0
0.0	0.0	1.0
0.326097429556	0.442043057087	0.490241273301
0.0	0.0	1.0
0.0	0.0	1.0
0.0	0.0	1.0
0.28935922753	0.387897284901	0.585952051604
0.365624387675	0.449817290046	0.438099869016
0.370183807443	0.431458823142	0.454833120725
0.31768519062	0.418619827222	0.523663380411
0.0	0.0	1.0
0.354298370238	0.368946758617	0.533686541409
0.0	0.0	1.0
0.320053069264	0.479901901835	0.460998681444
0.0	0.0	1.0
0.31918894018	0.406778368268	0.534529894857
0.311300413621	0.467913174932	0.478980115399
0.360029098853	0.392010906969	0.511328636286
0.360855331315	0.450264661353	0.447923117715
0.322400432141	0.430790118049	0.503995261554
0.299802920374	0.419450989703	0.545309673503
0.306037270279	0.424519319309	0.535322737446
0.320298002919	0.426600013719	0.516832327095
0.348996922763	0.419040356548	0.492387604802
0.341588265905	0.446664724917	0.477006836579
0.322519323461	0.457758714824	0.481533891759
0.0	0.0	1.0
0.0	0.0	1.0
0.0	0.0	1.0
0.289628983801	0.48253396647	0.487657778016
0.366162467751	0.383414989171	0.512939728453
0.328639990916	0.466770430195	0.461601968621
0.31901550756	0.437502731341	0.507174982041
1.0	0.0	0.0
0.0	0.0	1.0
0.302001325343	0.446085573302	0.513930998561
0.335480356974	0.462404933525	0.457635487989
0.0	0.0	1.0
0.0	0.0	1.0
0.0	0.0	1.0
0.0	0.0	1.0
0.0	0.0	1.0
0.3339293501	0.419668899319	0.504739133307
0.355991168092	0.419179370605	0.477067023926
0.343378749833	0.444506203397	0.475265085218
0.0	0.0	1.0
0.326592204041	0.442425494247	0.489667686858
0.0	0.0	1.0
0.329423724319	0.426625915396	0.507688973145
1.0	0.0	0.0
0.319288287281	0.405606122088	0.54176306936
1.0	0.0	0.0
1.0	0.0	0.0
0.328024739295	0.420290703256	0.509896508237
0.335788898632	0.415945050496	0.512461996253
1.0	0.0	0.0
0.326131755889	0.469792028973	0.460195309177
0.33837115071	0.394395698163	0.524254470748
0.0	0.0	1.0
0.32905724058	0.511068187369	0.413316572194
0.0	0.0	1.0
0.0	0.0	1.0
0.332829521457	0.42715563695	0.501812137451
0.309516617645	0.478041883754	0.479614273485
0.0	0.0	1.0
0.350945609209	0.410885381535	0.49928718145
0.0	0.0	1.0
0.293086203452	0.427534080491	0.5410781313
0.304013063802	0.43772711103	0.522545298928
1.0	0.0	0.0
0.0	0.0	1.0
0.311218299523	0.440451885582	0.508326258124
0.342542561616	0.365135822993	0.548132434493
0.311307902196	0.476234865067	0.472528659346
1.0	0.0	0.0
0.306932720053	0.441481996776	0.516422127432
1.0	0.0	0.0
1.0	0.0	0.0
0.344524823429	0.4339864961	0.47705333258
0.0	0.0	1.0
0.317831927012	0.410130994239	0.534655427644
0.0	0.0	1.0
0.312398398893	0.46312119677	0.486319014305
0.385876751263	0.375382962286	0.493429828903
0.0	0.0	1.0
0.327318151633	0.494850882942	0.438418776588
0.328352934561	0.471099138586	0.461692629285
0.304700295151	0.480924506659	0.48295506079
0.358355052497	0.423653095103	0.471488965729
0.30974763011	0.427337241063	0.525649946755
0.333662055896	0.43047793612	0.490302801629
0.339794781317	0.421121229329	0.495288858815
0.0	0.0	1.0
0.303847520627	0.42183207328	0.537341808572
0.334986564905	0.468028072174	0.459490406929
0.0	0.0	1.0
0.0	0.0	1.0
0.351502584904	0.381219012177	0.524450032593
0.315430081689	0.437465018419	0.507152662359
0.330701072232	0.411986733938	0.519916298867
0.399656934155	0.416778269746	0.437912075341
0.287021175826	0.419399794056	0.559422443146
0.317751464462	0.41346889547	0.531800622684
0.0	0.0	1.0
0.336706495915	0.469880832935	0.446861890628
0.0	0.0	1.0
0.343133899748	0.451339147663	0.461245795891
0.330599911808	0.451530952701	0.476256873505
0.344661071734	0.382775169938	0.529232320188
0.357243803559	0.425181740098	0.475855466587
0.325312394938	0.415720399275	0.515677741108
0.343932588867	0.465790207158	0.448851436264
0.0	0.0	1.0
0.325037368829	0.407566018988	0.524829661339
0.308478840407	0.403085022264	0.54701264411
0.340484510802	0.419577909741	0.501238589646
1.0	0.0	0.0
0.322717729788	0.424773260898	0.511820253866
0.276302591355	0.486984094449	0.503396896221
0.324322004402	0.443556074539	0.494311332947
0.294907832705	0.413650563496	0.551553566551
0.0	0.0	1.0
0.351443243296	0.43118107365	0.471328559401
0.352874633998	0.378980054448	0.523595363033
0.31664678217	0.364945669185	0.577523340125
0.0	0.0	1.0
0.342752578885	0.439867358696	0.473002246935
0.319243301913	0.491253620315	0.451000950811
0.0	0.0	1.0
0.333213954586	0.425962443071	0.502260399382
0.312796470107	0.472094681271	0.473297749243
0.309809909362	0.449848567046	0.503992489539
1.0	0.0	0.0
0.327319486398	0.454501570022	0.478467850677
0.34393000896	0.413397149512	0.500727377704
0.351962234445	0.44699270826	0.454677810678
0.307685672117	0.441166939496	0.514661473284
0.0	0.0	1.0
0.321731416905	0.430057862686	0.509370327669
0.0	0.0	1.0
0.353297649417	0.457527604783	0.44513380599
1.0	0.0	0.0
0.334666449479	0.418802080622	0.510005464345
0.0	0.0	1.0
0.315881615758	0.483867122035	0.462076415938
0.319824028847	0.447653406514	0.489135282875
0.343535127503	0.430293929318	0.48255347734
0.318600130685	0.470883862624	0.467260349716
0.320815495398	0.38789225323	0.551968805163
0.314056376692	0.403320718369	0.547071305398
0.0	0.0	1.0
0.323256837099	0.46862672152	0.468322822383
0.326180165804	0.413545140967	0.518868527017
1.0	0.0	0.0
0.319571310364	0.480444491654	0.462872338188
0.0	0.0	1.0
1.0	0.0	0.0
0.356348517749	0.408114268193	0.490499064737
0.0	0.0	1.0
0.363608424524	0.358945951704	0.536944382859
0.305323428038	0.41869743447	0.537075046369
0.0	0.0	1.0
0.382817784128	0.38912935786	0.480752557435
0.0	0.0	1.0
0.330788402178	0.373850155942	0.557235088279
0.0	0.0	1.0
0.0	0.0	1.0
0.323735868472	0.432351139498	0.503374858464
0.398934956834	0.360926826154	0.49504024192
0.320879295283	0.421777576399	0.518441714201
0.318911131253	0.392799131626	0.551440214447
0.35306655733	0.408228654711	0.502742988074
0.0	0.0	1.0
0.0	0.0	1.0
0.0	0.0	1.0
0.370452610486	0.375191818423	0.514660759987
0.351236151917	0.392589274588	0.517693094071
0.327750869064	0.415803390239	0.512733911409
1.0	0.0	0.0
0.0	0.0	1.0
0.333266633652	0.395790189973	0.527842588815
0.0	0.0	1.0
0.0	0.0	1.0
0.0	0.0	1.0
0.334568210415	0.408584936475	0.514828084819
0.0	0.0	1.0
0.353088945333	0.38806300521	0.515031033918
0.348388978563	0.438798041963	0.470432551856
1.0	0.0	0.0
0.343743653026	0.413788187287	0.497353720303
0.315768049226	0.371272973163	0.571927499604
0.361345000819	0.428104026483	0.464749233453
0.0	0.0	1.0
0.324674428025	0.470104620131	0.468669544333
0.323224728181	0.436296187239	0.50046271613
0.0	0.0	1.0
0.330535021724	0.448508326319	0.472691368019
0.377613586798	0.443797916391	0.428639754968
0.36397809924	0.400463376014	0.492197415406
0.0	0.0	1.0
0.0	0.0	1.0
0.336285746137	0.411489656493	0.511335521014
0.0	0.0	1.0
0.357907962653	0.438861673047	0.464275841368
0.331233078912	0.402494491757	0.524110019872
0.0	0.0	1.0
0.351952389784	0.368137651153	0.540230449604
0.0	0.0	1.0
0.0	0.0	1.0
0.0	0.0	1.0
0.278739658882	0.495715290009	0.49143616769
0.308192472223	0.41910704546	0.538787801294
0.335273529479	0.402524481885	0.518406548889
0.302724548068	0.4616168965	0.497678976749
0.334943339232	0.439383280369	0.484956407658
0.357183101193	0.448400045795	0.448871704664
0.375282207518	0.420673436543	0.462816468819
0.0	0.0	1.0
0.335809013565	0.448553865217	0.476272183053
0.0	0.0	1.0
0.0	0.0	1.0
0.0	0.0	1.0
0.0	0.0	1.0
0.35130137955	0.383136497014	0.522560314782
0.0	0.0	1.0
0.0	0.0	1.0
0.351077772365	0.42786906391	0.474310104938
0.0	0.0	1.0
1.0	0.0	0.0
0.340162013112	0.405792647243	0.509706602374
0.0	0.0	1.0
0.0	0.0	1.0
0.337305191066	0.374340877587	0.545678661931
0.328559320182	0.421379007104	0.505483161991
0.333610692903	0.400595615737	0.524713384452
0.34631204533	0.369836619057	0.542861891693
0.0	0.0	1.0
0.314663585501	0.409206404827	0.535048089934
0.0	0.0	1.0
0.378178483148	0.384559835485	0.489624472063
0.0	0.0	1.0
0.342031068598	0.388044068666	0.526766744488
0.0	0.0	1.0
0.351172601224	0.42183139289	0.490489607923
0.0	0.0	1.0
0.341863164159	0.404279434294	0.514357422197
0.0	0.0	1.0
0.0	0.0	1.0
0.333271476924	0.397280931237	0.527051493412
0.349924517489	0.433139794443	0.47333644696
0.0	0.0	1.0
0.0	0.0	1.0
0.382732079314	0.385479840338	0.485083542986
0.312286272186	0.439721514974	0.505917257562
1.0	0.0	0.0
0.2966954029	0.434835153358	0.530735085051
0.316238200168	0.336787526723	0.608383384968
0.327436350726	0.440512813481	0.492926340533
0.307046764683	0.381970687116	0.572048313152
0.329554287427	0.44972519851	0.476352555963
0.0	0.0	1.0
0.309310399816	0.446842536442	0.505971661036
0.360361094552	0.44341318597	0.449946689905
0.0	0.0	1.0
0.363024567752	0.435421178955	0.461351247894
0.0	0.0	1.0
0.33147155033	0.412189896869	0.514031626691
0.0	0.0	1.0
0.0	0.0	1.0
0.330960131276	0.391359304597	0.534866699856
0.0	0.0	1.0
0.0	0.0	1.0
0.322136026506	0.384406023172	0.550586935261
0.299512531301	0.367664549322	0.593501124583
0.316741730987	0.402759718387	0.537631329227
1.0	0.0	0.0
0.0	0.0	1.0
0.359332881278	0.401234027156	0.501959900644
1.0	0.0	0.0
0.32566733902	0.45142687909	0.48791320627
0.34322708209	0.422649306588	0.491609557676
0.310769635612	0.435532288998	0.51425062489
0.0	0.0	1.0
0.0	0.0	1.0
0.0	0.0	1.0
0.402156198195	0.453863657622	0.39776171399
0.335061170932	0.379098197663	0.543882112479
0.327720414407	0.445563903967	0.485789634659
0.340709511229	0.414757651826	0.508052318616
0.33605766879	0.412364929585	0.510250057124
0.353397827248	0.420477590794	0.482756063322
0.318955530531	0.431927879641	0.509109795956
0.36949192176	0.384941085411	0.502338193528
0.0	0.0	1.0
0.353775558142	0.347065556444	0.558331044827
0.380835472367	0.409216187495	0.465087725968
0.308684639363	0.441303992396	0.509490358159
0.324470657836	0.410813479334	0.524980733099
0.0	0.0	1.0
0.308127626	0.463482277452	0.489101971755
0.295308779166	0.414952283766	0.551102875008
0.333497602076	0.4820558598	0.444626232311
0.0	0.0	1.0
0.0	0.0	1.0
0.324931578201	0.413499159908	0.521709272725
0.321589047074	0.426225101321	0.511762855635
0.0	0.0	1.0
0.312655796573	0.408206561878	0.537924037867
0.321801852385	0.454242147169	0.485892669779
0.0	0.0	1.0
0.326288655755	0.466722884718	0.464152824723
0.0	0.0	1.0
0.305760447535	0.410579081906	0.546575294904
0.335666094179	0.457183888043	0.467488031373
0.360589155066	0.41866952866	0.481857356287
0.323097219913	0.399888198061	0.543073501048
0.0	0.0	1.0
0.32639270571	0.431856222171	0.500001968145
0.336077543246	0.453605136339	0.469954249633
0.0	0.0	1.0
0.0	0.0	1.0
0.381995035725	0.405050078492	0.472423460159
0.327708144073	0.429362290867	0.503995347817
0.313825063318	0.404544355117	0.541906579982
0.335250981079	0.449038400096	0.47185583662
0.341885410127	0.386636188381	0.52755019588
0.0	0.0	1.0
0.0	0.0	1.0
0.325730103702	0.431929712806	0.50228930641
0.33132597462	0.403607478626	0.528760177962
0.0	0.0	1.0
0.369945053803	0.392005690026	0.495403038212
0.37123074127	0.435424157878	0.447890042025
1.0	0.0	0.0
0.0	0.0	1.0
1.0	0.0	0.0
0.339430990165	0.455249904162	0.465909552339
0.314441931809	0.391783693786	0.55418869279
0.0	0.0	1.0
0.289531794789	0.459968207828	0.51570901841
0.0	0.0	1.0
0.0	0.0	1.0
0.325856753503	0.481909081479	0.4472457181
0.341493118669	0.398771724026	0.514337285588
0.312947537033	0.355157694544	0.590612062356
0.331315034322	0.416072741432	0.5094051248
0.335705186327	0.379219410077	0.542955520556
1.0	0.0	0.0
0.354158580998	0.35034868511	0.557260659099
0.313096040441	0.437021431522	0.507611302607
0.347793417158	0.402168227953	0.505756173839
0.316065002874	0.466997032419	0.475652679476
1.0	0.0	0.0
0.0	0.0	1.0
0.0	0.0	1.0
0.0	0.0	1.0
0.353344772051	0.374649133313	0.533061831239
0.290543160118	0.423986486947	0.553949626802
0.0	0.0	1.0
0.0	0.0	1.0
0.319553940876	0.412273941041	0.528108966882
0.0	0.0	1.0
0.325437982744	0.418192945818	0.518213004614
0.0	0.0	1.0
0.0	0.0	1.0
0.0	0.0	1.0
0.0	0.0	1.0
0.314116293139	0.372807051214	0.573968601749
0.315443390188	0.508094435495	0.432636754078
0.0	0.0	1.0
0.0	0.0	1.0
0.337450264966	0.492678920438	0.425921316722
0.361404825583	0.424732081983	0.46607612018
0.301539174043	0.439924904477	0.524244459594
0.290088848467	0.433188692668	0.54120203838
0.0	0.0	1.0
0.0	0.0	1.0
0.322189597168	0.385831736204	0.550743650366
0.306732108998	0.435854550244	0.515945086163
1.0	0.0	0.0
0.0	0.0	1.0
0.309054768679	0.427639640578	0.523061849443
0.305633953413	0.404500884892	0.548073791842
0.329778429297	0.409711543147	0.517071598269
0.31598384876	0.405885553901	0.537801320825
0.31401378941	0.405606628793	0.541315618356
0.309225228517	0.396402105027	0.555810521494
0.334256092344	0.43376494432	0.492704566934
1.0	0.0	0.0
0.352695964859	0.45139823978	0.447740834842
0.330178484979	0.43981164082	0.485745926438
0.361686618477	0.416135365074	0.475003739848
0.0	0.0	1.0
0.327529452439	0.437868698753	0.490207715838
0.0	0.0	1.0
0.271169317936	0.467240585002	0.527567762864
0.0	0.0	1.0
0.363020480762	0.358233647033	0.53456040297
0.0	0.0	1.0
0.323903857405	0.406802470377	0.527329791136
0.326729349353	0.412856175594	0.519852893202
0.0	0.0	1.0
0.0	0.0	1.0
0.34751021271	0.420038301743	0.487361118926
0.321209054129	0.437500317169	0.50236820033
0.317356746924	0.383695396093	0.560483834375
0.326855104929	0.372869476063	0.560536470906
0.0	0.0	1.0
0.320587237565	0.396239251059	0.544931164474
0.341873411703	0.418865764657	0.494729923534
0.0	0.0	1.0
1.0	0.0	0.0
0.0	0.0	1.0
0.0	0.0	1.0
0.0	0.0	1.0
0.325408193128	0.394887281331	0.53753218558
0.335580566696	0.43334300333	0.486256048039
0.0	0.0	1.0
0.303978314601	0.424401765196	0.531252323237
0.317357987057	0.403885902042	0.53719126676
0.344027156652	0.399332045778	0.512501443064
0.36484489993	0.36338665444	0.52824351627
0.325160817767	0.393911771071	0.543826959202
0.322741816092	0.356708287687	0.581303339453
0.336699609295	0.459975309075	0.45700563285
0.0	0.0	1.0
0.318425225106	0.400591177508	0.537163530666
0.320340116492	0.404757724228	0.533815788291
0.351284330846	0.424083581297	0.479761278697
0.334118898447	0.393200052672	0.530022273036
0.309423427097	0.47791898247	0.471541457855
0.348027461846	0.4155000603	0.49243858063
0.0	0.0	1.0
0.303441071151	0.428317047559	0.53238978883
0.324968847837	0.409414180207	0.522552737261
0.372015901108	0.409719094075	0.47324583101
0.323173414627	0.372974142209	0.56754632906
0.327353256738	0.435160850101	0.497180034198
0.294503904587	0.474045226666	0.492251117952
0.328339985358	0.43363543655	0.495290600481
0.32085526521	0.439527082929	0.496044117947
0.0	0.0	1.0
0.370265486654	0.38683448942	0.499331894025
0.335983916901	0.399044798816	0.522096820301
0.0	0.0	1.0
0.0	0.0	1.0
0.365221290577	0.423969508974	0.4631209599
0.0	0.0	1.0
0.0	0.0	1.0
0.322918884878	0.441756014853	0.492576684902
0.362101077725	0.3875446834	0.50625126293
0.326743892661	0.417491901337	0.518074837723
0.344948998255	0.426603818029	0.486690195873
0.0	0.0	1.0
0.0	0.0	1.0
0.343682205779	0.41190678676	0.502478222493
0.0	0.0	1.0
0.323320868416	0.404834735457	0.533227291001
0.0	0.0	1.0
0.322057487845	0.413988561536	0.523387135981
0.0	0.0	1.0
0.0	0.0	1.0
0.0	0.0	1.0
0.0	0.0	1.0
0.0	0.0	1.0
0.33626193654	0.430694709781	0.487891467821
0.0	0.0	1.0
0.0	0.0	1.0
0.364487008162	0.428367042812	0.466578851326
0.336134501729	0.429779499984	0.496883966685
0.0	0.0	1.0
0.0	0.0	1.0
0.336018055363	0.450912437049	0.470379754179
1.0	0.0	0.0
0.353255362304	0.415653951258	0.485166815483
0.329557763225	0.360054314731	0.570417300723
0.317841361947	0.422940073916	0.521983838252
0.0	0.0	1.0
0.0	0.0	1.0
0.308630772062	0.437274748727	0.512976275183
0.337538234596	0.437603218989	0.480755911717
0.338736177414	0.40276413765	0.513681715606
0.329214628628	0.441134008266	0.494413487152
0.325328984854	0.463200992055	0.469917061916
0.343121422772	0.394291491972	0.523266625969
0.0	0.0	1.0
0.329496649741	0.417596635333	0.507135995034
0.0	0.0	1.0
0.321790195088	0.43078095956	0.503581541298
0.325807568205	0.389208573059	0.546926985398
0.342357221605	0.356525849301	0.559394836978
0.0	0.0	1.0
0.0	0.0	1.0
0.329426905486	0.466136592012	0.46465225648
0.343311664912	0.402369027885	0.511588497249
0.366223078739	0.407599218642	0.480372911531
1.0	0.0	0.0
0.0	0.0	1.0
0.0	0.0	1.0
0.347537524386	0.405690327104	0.503069774996
0.337475460996	0.395788949767	0.523340020219
0.0	0.0	1.0
1.0	0.0	0.0
0.395993852379	0.420947493507	0.434644495017
0.0	0.0	1.0
0.0	0.0	1.0
0.34617868704	0.441155170673	0.479603345193
0.337944486477	0.412491039504	0.508743661894
0.377599972731	0.371362510148	0.502883729253
0.320603797625	0.379743606381	0.563002298277
0.321871958376	0.441910486034	0.501713558666
0.318825175449	0.468921811419	0.468307106615
0.0	0.0	1.0
0.325661770281	0.429648538947	0.50466301891
0.0	0.0	1.0
0.34688226759	0.435703549713	0.475396015688
0.0	0.0	1.0
0.368879728138	0.426749043753	0.458211662245
0.318612100271	0.443520196599	0.497538403119
0.306724543246	0.446256229943	0.508714107978
0.391130988838	0.433865726463	0.429408044624
0.0	0.0	1.0
0.350073457108	0.437457839083	0.467847256756
0.309763108777	0.419423471482	0.531782751478
0.0	0.0	1.0
0.0	0.0	1.0
0.0	0.0	1.0
0.315045471656	0.417074574045	0.533921391879
0.0	0.0	1.0
0.349030226362	0.421419240182	0.487050853753
0.349211431426	0.434007696715	0.472603492563
0.0	0.0	1.0
1.0	0.0	0.0
0.353811246591	0.419270358276	0.481724122015
0.326320149177	0.407456655319	0.522841147513
0.352321215206	0.417889513861	0.485790744737
0.338940064418	0.414175229649	0.509760613795
0.333953014547	0.457774788205	0.463848055892
0.333738865417	0.424744665946	0.499365061582
0.293590505677	0.414635453348	0.554408389891
0.0	0.0	1.0
0.0	0.0	1.0
0.362327346858	0.404014329787	0.490166988839
0.0	0.0	1.0
0.313717309794	0.404827013239	0.543803123823
0.317255671299	0.428249464432	0.51380425822
0.322099713746	0.384206856213	0.552576610759
0.310104262175	0.444119397265	0.500375694807
0.0	0.0	1.0
0.0	0.0	1.0
0.356800794572	0.417422652058	0.482129496952
0.318494836915	0.378960024481	0.563399391248
0.0	0.0	1.0
0.0	0.0	1.0
0.0	0.0	1.0
0.0	0.0	1.0
0.0	0.0	1.0
0.31737009791	0.407012142853	0.536402378215
0.0	0.0	1.0
0.284853496233	0.450296043573	0.530559955606
0.0	0.0	1.0
0.0	0.0	1.0
0.361648879781	0.422027395688	0.47219340562
0.0	0.0	1.0
1.0	0.0	0.0
0.313052154365	0.420178431628	0.525400261772
0.323788433696	0.468205762305	0.46615073408
0.0	0.0	1.0
0.0	0.0	1.0
0.0	0.0	1.0
0.0	0.0	1.0
0.356755055881	0.41217007893	0.486107207255
0.34550822281	0.394720963102	0.524100402804
0.321095711192	0.412505168415	0.52354165756
0.35745317357	0.3698267318	0.532887225157
0.0	0.0	1.0
0.348614078265	0.433546287315	0.471548512932
0.368695214339	0.402282179452	0.482956040151
0.355187496483	0.357790451333	0.546921799494
0.38734937221	0.343417295875	0.522961378632
0.356136861086	0.435194995032	0.468364811315
0.350283304651	0.424081946863	0.485320128719
0.322884756562	0.38982338913	0.552063016587
0.278799720192	0.416141839488	0.571932061184
0.340204408033	0.407539837939	0.507975667182
0.294098243862	0.456615340117	0.511975828767
0.0	0.0	1.0
0.0	0.0	1.0
0.335359428221	0.425469950101	0.495335879938
1.0	0.0	0.0
0.32386791266	0.407009763421	0.527080539016
0.335980814706	0.406629886395	0.51673473867
0.321723266582	0.439671522323	0.49788266181
0.320833943593	0.438358305107	0.497192763376
0.321528267888	0.45565928717	0.483730001304
0.0	0.0	1.0
0.0	0.0	1.0
0.0	0.0	1.0
0.325853239446	0.411373659869	0.522805224916
0.385246756247	0.381094270452	0.487213338301
0.34081875321	0.404668569167	0.515397722956
0.34536071591	0.402354069222	0.507959494596
0.318289803391	0.422889861761	0.523098221373
0.0	0.0	1.0
0.0	0.0	1.0
0.0	0.0	1.0
0.0	0.0	1.0
0.0	0.0	1.0
0.303262432096	0.462222600741	0.493635328037
0.319203287848	0.410278439893	0.528731444085
0.0	0.0	1.0
0.0	0.0	1.0
0.0	0.0	1.0
0.317545686458	0.442232203596	0.49574233109
0.0	0.0	1.0
0.0	0.0	1.0
0.0	0.0	1.0
0.0	0.0	1.0
0.0	0.0	1.0
0.343627615683	0.40999920783	0.502642169546
0.397196686937	0.33415867212	0.528163302116
0.0	0.0	1.0
0.344571629195	0.352854470346	0.56188673141
0.0	0.0	1.0
0.0	0.0	1.0
0.0	0.0	1.0
0.0	0.0	1.0
0.0	0.0	1.0
0.0	0.0	1.0
0.0	0.0	1.0
0.33397952568	0.430871491229	0.490643778665
1.0	0.0	0.0
0.0	0.0	1.0
0.0	0.0	1.0
0.0	0.0	1.0
0.0	0.0	1.0
0.0	0.0	1.0
0.0	0.0	1.0
0.0	0.0	1.0
0.0	0.0	1.0
0.0	0.0	1.0
0.0	0.0	1.0
0.298940417425	0.447956862193	0.516399792818
0.0	0.0	1.0
0.347160111121	0.404696499776	0.501215882649
0.0	0.0	1.0
0.0	0.0	1.0
0.0	0.0	1.0
0.0	0.0	1.0
0.0	0.0	1.0
0.0	0.0	1.0
0.0	0.0	1.0
0.341574527195	0.430279876777	0.484165499596
0.0	0.0	1.0
0.0	0.0	1.0
0.0	0.0	1.0
0.0	0.0	1.0
0.0	0.0	1.0
0.0	0.0	1.0
0.0	0.0	1.0
0.0	0.0	1.0
0.0	0.0	1.0
0.341062718458	0.410466882695	0.498579133399
0.0	0.0	1.0
0.0	0.0	1.0
0.0	0.0	1.0
0.0	0.0	1.0
0.0	0.0	1.0
0.0	0.0	1.0
0.345898845376	0.447333824195	0.469141121967
0.0	0.0	1.0
0.363549220891	0.398877424975	0.492673607962
0.0	0.0	1.0
0.0	0.0	1.0
0.0	0.0	1.0
0.0	0.0	1.0
0.0	0.0	1.0
0.0	0.0	1.0
0.313656422077	0.446546391342	0.500587092291
0.0	0.0	1.0
0.0	0.0	1.0
0.0	0.0	1.0
0.29123954648	0.42401588153	0.547946960242
0.0	0.0	1.0
0.0	0.0	1.0
0.329090543902	0.411392648962	0.516037130729
0.0	0.0	1.0
0.314829735148	0.478217868245	0.466468314527
0.0	0.0	1.0
0.0	0.0	1.0
1.0	0.0	0.0
0.0	0.0	1.0
0.0	0.0	1.0
0.343319177604	0.406690676958	0.508850030544
0.346007109662	0.407847167747	0.496946110782
0.330407619256	0.391357074243	0.537426040871
0.298824611399	0.456851707701	0.507144356547
0.293431444925	0.398271971566	0.575285718701
0.0	0.0	1.0
0.312475729311	0.45171853993	0.500002215272
0.318834274649	0.416094947554	0.521500878548
0.0	0.0	1.0
0.0	0.0	1.0
0.33321059837	0.435413675046	0.489556080602
0.0	0.0	1.0
0.322235597861	0.449972536117	0.488537500859
0.308176628016	0.461615364965	0.495185109451
0.352957109069	0.459067143696	0.441403407062
0.343742124191	0.444006306381	0.470979056809
0.0	0.0	1.0
0.0	0.0	1.0
0.296540024543	0.417203978794	0.547881607835
0.33956483811	0.426636371399	0.493453429546
0.366246262501	0.391603995761	0.497010177243
0.359896082608	0.35384306163	0.54323343712
0.0	0.0	1.0
0.309375804779	0.453726597454	0.501431894867
0.330258717743	0.427779995441	0.500009204964
0.322062389623	0.500704232708	0.432650512823
0.362690110188	0.398988122323	0.494220131668
0.0	0.0	1.0
0.0	0.0	1.0
0.384702683154	0.406740667536	0.461014903189
0.326550357427	0.448325242354	0.484052612068
0.0	0.0	1.0
0.338240272281	0.44816523483	0.468915456187
0.0	0.0	1.0
0.319997031755	0.386283669487	0.55968928786
0.313642237697	0.428123694433	0.518930894476
0.0	0.0	1.0
0.0	0.0	1.0
0.0	0.0	1.0
0.338928789061	0.468110549594	0.452568042914
0.0	0.0	1.0
0.340470984367	0.436359270357	0.478929846557
0.319115022506	0.463619908519	0.475788140041
0.0	0.0	1.0
0.355079068371	0.423288960626	0.475233006764
0.0	0.0	1.0
0.33146132379	0.449454368032	0.475279810001
0.0	0.0	1.0
0.350256239115	0.446976893949	0.462640633531
0.30449163647	0.41954715103	0.537814996521
0.319667349357	0.380730024224	0.559186658084
0.353204712208	0.404884912882	0.499010868301
0.0	0.0	1.0
0.0	0.0	1.0
0.334143498034	0.438010047965	0.494517003412
0.0	0.0	1.0
0.0	0.0	1.0
0.298583487427	0.430710165747	0.53391626894
0.340637150841	0.429029682276	0.486001137244
0.342809179313	0.377054966012	0.536413365709
0.0	0.0	1.0
0.327184306911	0.425136628357	0.507884698118
0.321465608475	0.417605401003	0.516581120229
0.308573540704	0.432678808015	0.527223318125
0.342792693902	0.477530981469	0.435092003387
0.0	0.0	1.0
0.0	0.0	1.0
0.0	0.0	1.0
0.333000579914	0.448784208321	0.479883975305
0.0	0.0	1.0
0.356428765658	0.387078608871	0.514142155965
0.319354300213	0.39687556827	0.544876881326
0.328380205119	0.451087758362	0.48065689089
0.349973338357	0.364971254947	0.540334989106
0.0	0.0	1.0
0.0	0.0	1.0
0.0	0.0	1.0
0.0	0.0	1.0
0.0	0.0	1.0
0.0	0.0	1.0
0.327589497525	0.411365217077	0.52096041125
0.0	0.0	1.0
0.0	0.0	1.0
0.330291704232	0.411570314406	0.516605714385
0.327993772289	0.432847259689	0.49395142007
0.369920198804	0.391958416355	0.497232982739
0.0	0.0	1.0
0.313514925173	0.415533385479	0.534630811053
0.339097338892	0.408224937983	0.514832435574
0.338280162805	0.42789314981	0.49488387344
0.356609885802	0.405181507743	0.499864828218
0.0	0.0	1.0
0.299291654601	0.414459141406	0.550223598712
0.0	0.0	1.0
0.0	0.0	1.0
0.0	0.0	1.0
0.0	0.0	1.0
0.374857564831	0.373667009075	0.510374533755
0.0	0.0	1.0
0.356076293223	0.42035574757	0.479852376884
0.327230949624	0.512102485282	0.41646945596
0.275034242429	0.451280252673	0.540551532043
0.0	0.0	1.0
0.0	0.0	1.0
0.321999751661	0.391284184764	0.545891544022
0.316457839614	0.462850936858	0.482039263189
0.294667951055	0.430946479	0.536436657012
0.318462140777	0.438990789643	0.501262210399
1.0	0.0	0.0
0.313777734044	0.449934386442	0.496630646167
0.335079966696	0.42323979765	0.501723491083
0.0	0.0	1.0
0.0	0.0	1.0
0.390133038343	0.374523687477	0.489533842602
0.365554667411	0.440544559843	0.450163942001
0.333435009152	0.407140857753	0.52225275938
0.0	0.0	1.0
0.0	0.0	1.0
0.322407896595	0.437828673679	0.495357700852
0.0	0.0	1.0
0.0	0.0	1.0
0.285607973847	0.338959627651	0.64135548376
0.317090372539	0.460529221362	0.483285152225
0.306100679295	0.524861029883	0.432040137028
1.0	0.0	0.0
0.32371205024	0.444743707164	0.494288809449
0.370581981658	0.366552445121	0.522523349982
1.0	0.0	0.0
0.354136585716	0.432797083339	0.468480525568
0.354183199937	0.413304787357	0.4886307003
0.31475364589	0.452468558371	0.490768640949
1.0	0.0	0.0
0.0	0.0	1.0
0.339195139822	0.431817576803	0.486423992332
0.321673300735	0.43128045327	0.512222169638
1.0	0.0	0.0
0.319336608512	0.440146882449	0.503939294735
0.352072118296	0.400689373239	0.510100337061
0.361797346748	0.3719029739	0.523532268819
0.326768997036	0.389342045128	0.543471361787
0.0	0.0	1.0
0.0	0.0	1.0
0.377841278146	0.390927107192	0.488178036483
0.321262180037	0.4752406095	0.466528602525
0.0	0.0	1.0
0.322580677953	0.43469982311	0.501313596055
0.353132773027	0.389400936444	0.515705118575
0.0	0.0	1.0
0.342984860949	0.505451028444	0.406768116175
0.325075175864	0.407926944438	0.530047051759
1.0	0.0	0.0
0.320436417864	0.3651712656	0.573499149938
0.0	0.0	1.0
0.349528769126	0.417942262636	0.489045469436
0.316082056512	0.467296522649	0.477011287351
0.352481059862	0.403051559797	0.507798192183
0.367731176403	0.390618940941	0.495961483157
0.0	0.0	1.0
0.311954410645	0.425540373353	0.531855639176
0.0	0.0	1.0
0.282924946954	0.459575037782	0.526837079813
0.0	0.0	1.0
0.0	0.0	1.0
0.0	0.0	1.0
0.0	0.0	1.0
0.32932887216	0.453773375496	0.479276877274
0.35033163877	0.433043958317	0.473591085155
0.0	0.0	1.0
0.384822128298	0.416874266504	0.450171572307
0.312054721252	0.444369731094	0.50141451406
0.0	0.0	1.0
0.0	0.0	1.0
1.0	0.0	0.0
0.30256512145	0.439356539167	0.524859101054
0.0	0.0	1.0
0.321362865347	0.439213422261	0.499313229667
0.0	0.0	1.0
1.0	0.0	0.0
0.0	0.0	1.0
0.303211220737	0.416011338604	0.546351848117
0.0	0.0	1.0
0.314088403272	0.469471943164	0.481428699348
0.304533539301	0.416879995037	0.543412711906
0.0	0.0	1.0
0.342475138531	0.407921261906	0.509869412948
0.363870021323	0.460193672407	0.431350850143
0.331512087443	0.459120498529	0.466104846413
0.0	0.0	1.0
0.313852680857	0.440850416086	0.506414362503
0.329231572302	0.442431366524	0.491673785392
0.322856608516	0.394548732237	0.547184169646
0.28242995024	0.462605685795	0.520722689429
0.0	0.0	1.0
0.30692844345	0.441803558181	0.511311398477
0.320676236088	0.407267568634	0.534386278887
0.358959663584	0.412210410473	0.488586166857
0.311364579652	0.431764779168	0.523126634611
0.0	0.0	1.0
0.345811611402	0.397421973011	0.51791519046
0.358803446613	0.398365396442	0.504582186044
1.0	0.0	0.0
0.351507697565	0.401844429845	0.503969061959
0.308750679159	0.448916167204	0.500946170728
0.0	0.0	1.0
0.320382292219	0.443494517017	0.499008279727
0.0	0.0	1.0
0.365813010446	0.401408691897	0.48777893135
0.338503153952	0.415670899175	0.509680162642
0.333556342343	0.429528877584	0.501350117499
0.343632777362	0.424142895259	0.493127103503
1.0	0.0	0.0
0.0	0.0	1.0
0.0	0.0	1.0
0.336816648089	0.463782452968	0.45241665515
0.347163423742	0.405094503398	0.505381921746
0.335716127678	0.390998145618	0.531037386734
0.0	0.0	1.0
0.319444136784	0.377815616978	0.560844803208
0.359390580009	0.346866031953	0.558981911985
0.308536546241	0.402094040329	0.548136059172
0.346342470498	0.418008092122	0.497906265597
0.322747027098	0.371449288962	0.565609141528
0.338988985184	0.389451035604	0.533080188113
0.0	0.0	1.0
0.0	0.0	1.0
0.329671950123	0.409083687261	0.518461940564
1.0	0.0	0.0
0.0	0.0	1.0
0.346433928199	0.4093494054	0.502781182397
0.357498049433	0.403666022626	0.502581869643
0.349175048375	0.413790310722	0.497718432609
0.349974337749	0.375024796588	0.529870997808
0.0	0.0	1.0
0.0	0.0	1.0
0.330930441762	0.454593996774	0.478999193163
0.341958957928	0.407016866794	0.511731264627
