0.0	0.0	1.0
0.0	0.0	1.0
0.341721571879	0.462809591258	0.451048240545
0.33137266551	0.500308553476	0.425803004262
0.355245139246	0.487550008746	0.411576261258
0.347017541581	0.429945771329	0.477990127996
0.340216316335	0.461448074168	0.454345274159
0.315169212762	0.509492390903	0.434785617132
0.37972780334	0.521020146654	0.355220333441
0.296303341075	0.480051899972	0.485978844528
0.345929882551	0.470027413432	0.44060226792
0.356547994458	0.510847820324	0.388035441461
0.353552795278	0.435082027641	0.465756612657
0.357301631161	0.48174049077	0.415525407709
0.0	0.0	1.0
0.0	0.0	1.0
0.341705940834	0.475072073489	0.440216238283
0.333566540858	0.444160658467	0.478759464029
0.335293277929	0.526039225992	0.396347336512
0.359675337121	0.412576720791	0.48234160984
0.370711602673	0.413590377035	0.47004053233
0.0	0.0	1.0
0.0	0.0	1.0
0.344569250504	0.444404096029	0.466613987186
0.417630954841	0.444750043931	0.390340947549
0.321235225675	0.513616278727	0.423925745345
1.0	0.0	0.0
0.0	0.0	1.0
0.336430951664	0.464888177569	0.454244411936
0.343070141705	0.485007543304	0.427757487794
0.0	0.0	1.0
0.0	0.0	1.0
0.334816021333	0.522257868081	0.401761323354
0.343440132162	0.491665481675	0.421117026837
0.331739627356	0.493755963525	0.432400726384
0.344408298864	0.462685938586	0.448706557687
0.327325571096	0.496790089757	0.433021229631
0.0	0.0	1.0
0.0	0.0	1.0
0.0	0.0	1.0
0.0	0.0	1.0
0.311963538287	0.491161075037	0.457509754945
1.0	0.0	0.0
0.314540989789	0.51683364062	0.427509890877
0.322271081273	0.469471632324	0.467184436994
0.297200885457	0.506180170441	0.458759183787
0.283365260851	0.532094909413	0.449420890979
0.33835682543	0.457140291133	0.460718081061
0.0	0.0	1.0
0.0	0.0	1.0
0.381158458758	0.445655148524	0.426041460525
0.382005954477	0.438829411291	0.432836608434
0.0	0.0	1.0
0.386639767384	0.411974040094	0.454094474421
0.372210294078	0.481025180075	0.400794419641
0.0	0.0	1.0
0.0	0.0	1.0
0.299534136066	0.471674532457	0.491153824911
0.0	0.0	1.0
0.369387435316	0.475506358694	0.409037847035
0.0	0.0	1.0
0.331561086017	0.498323394574	0.427149488591
0.364006219531	0.428951392923	0.460932527462
0.3483863487	0.46648603785	0.440357506785
0.0	0.0	1.0
0.318469230143	0.50533214289	0.434829773235
0.0	0.0	1.0
0.347977934584	0.439885082779	0.468074363258
0.350953332987	0.496036130905	0.408676491078
0.309021783427	0.488485052337	0.462993044659
0.356540692409	0.450147712721	0.448080218603
0.369567220337	0.419167358233	0.465237596183
0.336081859187	0.512354700919	0.408412347333
0.0	0.0	1.0
0.0	0.0	1.0
0.325372714353	0.485766778086	0.446531077431
0.0	0.0	1.0
0.0	0.0	1.0
0.356784326107	0.481025242308	0.418532448436
0.300860154177	0.458801905151	0.501821810075
0.324073496922	0.469991875288	0.463975350793
0.359510257218	0.490044393242	0.405249850251
0.0	0.0	1.0
0.31138538037	0.446082795582	0.503416021303
0.0	0.0	1.0
0.368980036699	0.465622420715	0.419303033685
0.0	0.0	1.0
0.327283171691	0.435470277061	0.494809149843
0.327223323726	0.456144566274	0.474714792728
0.344269611286	0.457860394331	0.453500058047
0.365315150279	0.435119229483	0.453294946379
0.327342598313	0.409083408962	0.522519347105
0.0	0.0	1.0
0.0	0.0	1.0
0.311108511097	0.521429559471	0.427919209723
0.348333828546	0.467782243646	0.438325802417
0.0	0.0	1.0
0.330576012972	0.457375561473	0.46866462015
0.316891558147	0.469875115165	0.473838231141
0.308937899624	0.495173631282	0.456061766024
0.0	0.0	1.0
1.0	0.0	0.0
0.333085912881	0.486318477917	0.437607649689
0.327940510947	0.496879912421	0.432471109513
0.314903187337	0.508678130554	0.435398423655
0.0	0.0	1.0
0.0	0.0	1.0
0.369733555697	0.486320421336	0.399626658968
0.316254900758	0.456893495066	0.485540408275
0.0	0.0	1.0
0.0	0.0	1.0
0.351501197516	0.43249091566	0.471233052786
0.316667279003	0.439558545996	0.502802506937
0.300227145312	0.503523344496	0.458395151446
0.330554812334	0.529655593157	0.398107988508
0.0	0.0	1.0
1.0	0.0	0.0
0.0	0.0	1.0
0.329421694938	0.414488856032	0.513868838581
0.0	0.0	1.0
0.333141864837	0.454679283124	0.469150961299
0.0	0.0	1.0
0.0	0.0	1.0
0.328912981283	0.493840343169	0.43509309093
0.351363535672	0.464509515992	0.440123097536
0.3093416066	0.478739998832	0.472712240341
0.349552487134	0.446953780668	0.458476148658
1.0	0.0	0.0
0.0	0.0	1.0
0.0	0.0	1.0
0.331955771384	0.437354420594	0.487369134694
0.326567613329	0.487973114339	0.443134941989
0.307885198171	0.465643720036	0.487197301467
1.0	0.0	0.0
0.285680506048	0.50160306	0.4768050368
0.349520225754	0.46342855798	0.443678285204
0.291690851509	0.419167618822	0.552837385478
0.0	0.0	1.0
0.0	0.0	1.0
0.38506559789	0.407118559276	0.461475574118
0.0	0.0	1.0
0.337500819126	0.481341817617	0.437837878228
1.0	0.0	0.0
0.318344535953	0.512779506421	0.42844018089
0.363850155741	0.414667320388	0.476101401259
0.0	0.0	1.0
0.328452737351	0.470633215587	0.45819440297
0.347586108536	0.488284576266	0.420344647552
0.291710381311	0.485331123422	0.485594421129
0.0	0.0	1.0
0.0	0.0	1.0
0.0	0.0	1.0
0.307446268357	0.519318130503	0.434576626254
1.0	0.0	0.0
0.314630131911	0.503617790202	0.442299195314
0.291092670935	0.520199903686	0.451961892666
0.0	0.0	1.0
0.0	0.0	1.0
0.313381392573	0.502245989702	0.443862482893
0.0	0.0	1.0
0.281269642428	0.486339840572	0.497782007002
0.336381873952	0.474733266084	0.445421754142
0.343263457282	0.488098855934	0.424658892365
0.0	0.0	1.0
1.0	0.0	0.0
0.373164444427	0.387043287764	0.496523587327
0.0	0.0	1.0
0.300275577455	0.492525344	0.468932215088
0.347562173894	0.47236652584	0.434936934162
0.0	0.0	1.0
0.326412743515	0.37186551456	0.561908741255
0.31192397065	0.488794394522	0.459117931536
0.299133281729	0.440016058987	0.523618741184
0.0	0.0	1.0
0.379696758195	0.427356144219	0.446587517123
0.332427436611	0.513911717606	0.410870315661
0.307112721191	0.470056807695	0.482899694076
0.33034230748	0.37398230892	0.554878848253
0.362511767321	0.42140590232	0.471692786045
1.0	0.0	0.0
0.306544017217	0.497645731664	0.456119041951
1.0	0.0	0.0
1.0	0.0	0.0
0.314878251228	0.473435753442	0.470049511627
1.0	0.0	0.0
0.296917729215	0.53971762495	0.426816846383
0.338792309293	0.457679865599	0.459159785449
0.401123365625	0.419297133185	0.432320369886
0.368014287634	0.452567598122	0.432158806573
0.305118479462	0.453397008285	0.501808124562
1.0	0.0	0.0
0.360377309397	0.456019134747	0.438186358492
0.270498629271	0.515455008192	0.481281032871
0.292225644522	0.462571076798	0.50812590451
0.321906083033	0.508844840616	0.428080522096
0.335569935011	0.479692597368	0.441447571676
1.0	0.0	0.0
1.0	0.0	0.0
0.322947785766	0.508896697717	0.427169490919
0.0	0.0	1.0
0.354196135918	0.491719482946	0.409313354833
0.372048226139	0.448548895557	0.432564555983
0.33242012867	0.452822564508	0.471694118729
0.0	0.0	1.0
0.0	0.0	1.0
1.0	0.0	0.0
0.360160712447	0.487469347231	0.406617278076
0.253094282704	0.515184691414	0.504977544523
0.0	0.0	1.0
1.0	0.0	0.0
0.319748165146	0.444855793229	0.494609577201
1.0	0.0	0.0
1.0	0.0	0.0
0.345612242828	0.475327277993	0.434842745417
0.346001106444	0.480571145671	0.429741697207
0.302232654598	0.514806960567	0.444886404253
0.0	0.0	1.0
0.306984954501	0.465654755356	0.488941983413
0.371279921033	0.448981421787	0.434588695898
0.32596265369	0.506461758226	0.42719437584
1.0	0.0	0.0
1.0	0.0	0.0
0.348693319556	0.537126406404	0.372729308274
0.361870219758	0.502833086683	0.390266524887
1.0	0.0	0.0
0.311262249556	0.526955282093	0.422705575628
0.302410965957	0.49011643888	0.468754013173
0.33626903782	0.455652355437	0.465752377882
0.290955143767	0.488706738489	0.483299832557
0.283220965462	0.481667190895	0.50124195072
0.329845190258	0.538127967714	0.390329010557
0.356095789222	0.492362985867	0.406555163014
0.386589129177	0.439505944693	0.427488810813
0.340981016887	0.450555769601	0.464870990986
0.285634667627	0.456085683648	0.523192463138
0.3599681954	0.442697197527	0.451226032835
1.0	0.0	0.0
1.0	0.0	0.0
0.331929866989	0.470326230364	0.455537809895
0.363668225045	0.409132749955	0.48084559748
1.0	0.0	0.0
0.337032424743	0.447136257711	0.472437060057
0.0	0.0	1.0
0.348220808171	0.473636414467	0.432905299051
0.0	0.0	1.0
1.0	0.0	0.0
0.298423716148	0.464406755816	0.499248778271
0.321320227503	0.537472124056	0.400515552897
0.331028994027	0.445632584619	0.480841045993
1.0	0.0	0.0
0.344503631348	0.43899079858	0.471657499273
0.349836718042	0.496424843436	0.409155033348
0.294728156884	0.476180289077	0.491229792931
0.360332846573	0.40151846598	0.493282662628
0.330690258976	0.494664068501	0.433009428655
0.358463365357	0.471885472553	0.422775634804
0.361448847795	0.42434802658	0.469816497635
0.341891588616	0.414907260153	0.499701315716
0.359886630878	0.434204874261	0.460140961158
0.0	0.0	1.0
0.313849862015	0.540952134389	0.406135566353
0.339970081883	0.484873492621	0.431113459516
0.349168631789	0.451623029953	0.454424970477
0.0	0.0	1.0
0.343956814157	0.483825336757	0.427785761648
0.309125428417	0.48938668986	0.460678932548
0.323599991617	0.494963569766	0.439744595197
0.345703522596	0.467052892585	0.442665507778
0.326842089431	0.532984438299	0.398790513062
0.40158361972	0.335090562878	0.520916697294
0.0	0.0	1.0
0.378044694919	0.446522963942	0.427918631436
0.343307237699	0.441203239173	0.471915340743
0.349514792284	0.414995903012	0.491355280621
0.355745545565	0.475991958104	0.423068419991
0.302674265801	0.502043986119	0.457647204443
0.0	0.0	1.0
0.33031667957	0.504390552422	0.423232442068
0.0	0.0	1.0
0.342882126866	0.446848561518	0.467357321475
0.0	0.0	1.0
0.298786073363	0.489061630959	0.474062661024
0.0	0.0	1.0
0.310895800768	0.475626036995	0.47308968714
0.320591922931	0.486578623891	0.451423898555
0.3083706724	0.475520594678	0.476078827293
0.0	0.0	1.0
0.312032675199	0.534896942166	0.413232432806
0.383542242471	0.41879689789	0.451070402032
0.344153948661	0.349276602219	0.566480760101
0.362436043993	0.410968447612	0.481955509763
0.315086195907	0.490007274325	0.454612586303
0.0	0.0	1.0
0.342189641978	0.412588965307	0.501569975032
0.304620667855	0.458648795738	0.49844842721
0.3365675118	0.450847691199	0.469907660547
1.0	0.0	0.0
0.334793483919	0.458735495954	0.463956984376
0.0	0.0	1.0
0.298220061955	0.449393100176	0.514990711056
0.0	0.0	1.0
0.346104021299	0.560065866697	0.353077411209
0.0	0.0	1.0
0.35831643443	0.453582692227	0.443347779022
0.331912321847	0.485167812361	0.439965021457
0.0	0.0	1.0
1.0	0.0	0.0
0.320433191327	0.530409908396	0.407983064757
0.374349665448	0.486636334446	0.393757807514
0.345009516405	0.471694521198	0.440040954257
0.352535129198	0.447504818198	0.454860618002
0.324226850201	0.495109543533	0.439110034363
0.0	0.0	1.0
0.355613217204	0.516122537462	0.384268800728
0.328430449124	0.473075743757	0.456185008756
0.0	0.0	1.0
0.334580617958	0.462296668097	0.461422598415
0.0	0.0	1.0
0.35440960374	0.467985697673	0.432632896383
0.366213607256	0.427733648465	0.4603769647
0.0	0.0	1.0
1.0	0.0	0.0
0.310391960058	0.45859468554	0.491264746929
0.34834106226	0.42891737439	0.478374631474
0.305538232856	0.435049126662	0.520616608651
0.320110329908	0.479321559137	0.458356893903
0.0	0.0	1.0
0.0	0.0	1.0
0.0	0.0	1.0
0.335842147415	0.501641172257	0.419776770313
0.372666445025	0.412181961981	0.469341963165
0.322859013428	0.479144501239	0.455838677183
0.0	0.0	1.0
0.323965002634	0.507971451264	0.428109714111
0.339654932399	0.45867451043	0.457506687434
0.322154646361	0.444317313477	0.492025284437
0.330416116486	0.517400172263	0.41001510356
0.0	0.0	1.0
0.0	0.0	1.0
0.0	0.0	1.0
0.0	0.0	1.0
0.0	0.0	1.0
0.0	0.0	1.0
0.0	0.0	1.0
0.0	0.0	1.0
0.34622891434	0.487159603946	0.423404108887
0.0	0.0	1.0
0.367303279635	0.4369223081	0.449184083379
0.0	0.0	1.0
0.0	0.0	1.0
0.318961744383	0.518428626158	0.422054789589
0.0	0.0	1.0
0.0	0.0	1.0
0.371777341279	0.350762569623	0.534539597379
0.0	0.0	1.0
0.0	0.0	1.0
0.0	0.0	1.0
0.0	0.0	1.0
0.0	0.0	1.0
0.0	0.0	1.0
0.0	0.0	1.0
0.0	0.0	1.0
0.0	0.0	1.0
0.0	0.0	1.0
0.0	0.0	1.0
1.0	0.0	0.0
0.328108957129	0.478919788678	0.451847062395
0.0	0.0	1.0
0.0	0.0	1.0
1.0	0.0	0.0
0.345211478165	0.386633882642	0.526040447827
1.0	0.0	0.0
0.0	0.0	1.0
0.0	0.0	1.0
0.328964558996	0.499131825671	0.429488699776
0.0	0.0	1.0
0.0	0.0	1.0
0.0	0.0	1.0
0.0	0.0	1.0
0.0	0.0	1.0
1.0	0.0	0.0
0.357253085359	0.427058049896	0.470389843545
0.0	0.0	1.0
0.0	0.0	1.0
0.0	0.0	1.0
0.0	0.0	1.0
0.0	0.0	1.0
0.0	0.0	1.0
0.0	0.0	1.0
0.0	0.0	1.0
0.336658807734	0.375351596572	0.547454688105
0.0	0.0	1.0
0.0	0.0	1.0
0.0	0.0	1.0
0.0	0.0	1.0
1.0	0.0	0.0
0.0	0.0	1.0
0.0	0.0	1.0
0.0	0.0	1.0
0.0	0.0	1.0
0.0	0.0	1.0
0.0	0.0	1.0
0.0	0.0	1.0
0.0	0.0	1.0
0.0	0.0	1.0
0.0	0.0	1.0
1.0	0.0	0.0
0.0	0.0	1.0
0.0	0.0	1.0
0.0	0.0	1.0
0.0	0.0	1.0
0.307476801462	0.445454694926	0.506928999361
0.346103317226	0.489268316117	0.421709597363
0.0	0.0	1.0
0.0	0.0	1.0
0.350176449485	0.445050296531	0.461425892027
1.0	0.0	0.0
0.353794971074	0.420237326569	0.482347121264
0.0	0.0	1.0
0.0	0.0	1.0
0.0	0.0	1.0
0.0	0.0	1.0
0.328420221651	0.563632605011	0.367356743746
0.38549757667	0.434952513691	0.433153171178
0.0	0.0	1.0
1.0	0.0	0.0
0.328990436115	0.507781366406	0.420194390715
0.0	0.0	1.0
0.0	0.0	1.0
0.331961978845	0.503744194792	0.42323447725
0.345625325388	0.474769837951	0.43549662023
0.0	0.0	1.0
0.0	0.0	1.0
0.363163040761	0.440856504491	0.450764307123
0.316499740809	0.504501264796	0.437213854014
0.0	0.0	1.0
0.336816825307	0.45775234963	0.46326238242
0.33801457747	0.484416392921	0.433532149787
0.0	0.0	1.0
0.0	0.0	1.0
0.3719055201	0.414162377398	0.467580995548
0.319873071876	0.453192235077	0.486120060858
0.0	0.0	1.0
0.0	0.0	1.0
1.0	0.0	0.0
0.355301977179	0.512413802129	0.387941433885
0.0	0.0	1.0
0.330561346075	0.41983078259	0.507230279608
0.0	0.0	1.0
0.0	0.0	1.0
0.406617203158	0.430981484451	0.414646468437
0.349608888856	0.486341264149	0.419617179278
1.0	0.0	0.0
0.365913621327	0.430225198808	0.458863061611
0.391854523708	0.410038451633	0.452364689057
0.334948944545	0.493517016889	0.429425624863
0.367750451272	0.459656333828	0.426400216462
0.336108654451	0.423357320992	0.497130657864
0.0	0.0	1.0
0.347414898294	0.475708222284	0.432251450892
0.389256228448	0.450144752239	0.413407787816
0.0	0.0	1.0
0.0	0.0	1.0
0.0	0.0	1.0
0.350120468685	0.451172258115	0.453819610032
0.336106207718	0.456278295285	0.465536013575
0.316142795245	0.446425754534	0.497135191551
0.0	0.0	1.0
0.32182076497	0.488224753761	0.447246187059
0.349043131517	0.426687092425	0.480113722327
0.333311039544	0.515236347467	0.410453165909
0.0	0.0	1.0
0.349506031642	0.451073424707	0.454875904611
0.375643384194	0.412299405254	0.466657211989
0.353152297526	0.388122243889	0.515085316552
0.0	0.0	1.0
0.368136272161	0.410910069499	0.476335165188
0.321831561579	0.471839725431	0.464850806361
0.332105345859	0.453922446856	0.470521920426
1.0	0.0	0.0
0.37344653048	0.42668503782	0.453957052888
0.0	0.0	1.0
0.0	0.0	1.0
0.0	0.0	1.0
0.35773043896	0.429860532201	0.468440635439
0.358602261176	0.406346141027	0.48984668195
0.346048728147	0.418735436959	0.491506065617
0.347170478367	0.433275399087	0.475627290377
0.332237515437	0.423993427599	0.502283112735
0.0	0.0	1.0
0.316209843417	0.520831348912	0.423502672655
0.316126384638	0.497026949814	0.44576673895
0.320991769937	0.504799522158	0.432520804234
0.371069445428	0.507844878914	0.377749657688
0.0	0.0	1.0
0.331353758181	0.420762212739	0.506366289401
0.344597186152	0.447663087811	0.464286400604
0.317858686143	0.45387233611	0.4874078711
0.31987899178	0.483217193406	0.455240074868
0.0	0.0	1.0
0.0	0.0	1.0
0.0	0.0	1.0
0.347503096482	0.491384748684	0.417264692906
0.35145072247	0.415080199812	0.489604234655
0.319092466617	0.491310232134	0.449116440943
0.346160139233	0.472251583766	0.438036081322
1.0	0.0	0.0
0.324173592158	0.455257472543	0.479238071307
0.376870625982	0.464391496545	0.412859132725
0.320531627459	0.476242092371	0.463393055018
0.391271938677	0.437719276684	0.424276996465
0.0	0.0	1.0
0.354861597305	0.48491179425	0.416779043263
0.0	0.0	1.0
0.0	0.0	1.0
1.0	0.0	0.0
0.324249180522	0.450546451101	0.485167597387
0.353835894155	0.483462675037	0.419838737389
0.356683969423	0.459659359303	0.439019824938
0.0	0.0	1.0
0.346192245238	0.44821811893	0.463327699565
0.0	0.0	1.0
1.0	0.0	0.0
0.337938410969	0.467961977799	0.452030004902
0.372942218652	0.428932659506	0.45150498419
0.319696541221	0.423733112706	0.516214748196
0.330336576452	0.491802710401	0.436076102931
0.319531072129	0.466502375318	0.473063442176
1.0	0.0	0.0
0.357876110639	0.502909300432	0.394302539398
0.381027470668	0.409851493478	0.46384952339
0.303161506986	0.522567012102	0.43652309282
0.333949239024	0.446302403759	0.476885448519
0.299472462381	0.493664752095	0.469363402359
0.300881212638	0.47694106322	0.484861092983
0.304361689522	0.405061935854	0.551787181963
0.0	0.0	1.0
0.0	0.0	1.0
0.0	0.0	1.0
0.0	0.0	1.0
0.0	0.0	1.0
0.339558312037	0.451777297236	0.464885773174
0.317596835772	0.516472910684	0.426153867779
0.33021303504	0.456801972687	0.470828667909
1.0	0.0	0.0
0.0	0.0	1.0
0.314194676096	0.549002117423	0.397310701193
0.340433466782	0.500142067781	0.416718013965
0.336738653215	0.493059625344	0.428184965619
1.0	0.0	0.0
0.335847242822	0.47383265055	0.446581965954
0.0	0.0	1.0
0.331430560431	0.472855320592	0.453263038923
1.0	0.0	0.0
0.342856610023	0.47645539954	0.437348088071
1.0	0.0	0.0
0.330220710442	0.476899149263	0.452303120874
0.334351410726	0.434973260314	0.489636896984
0.308772817527	0.518175323581	0.433503572267
0.0	0.0	1.0
0.367862572816	0.475272719397	0.411315677448
0.356631995276	0.491469252168	0.407492683872
0.360838281472	0.499642463409	0.394343300042
0.306955851317	0.461734803522	0.491918844661
0.340833368389	0.467300311982	0.448382723915
0.349855997062	0.476024365033	0.43035206837
0.347110478509	0.423929386426	0.485023187425
1.0	0.0	0.0
0.0	0.0	1.0
0.354229492103	0.457737792816	0.443660421132
0.0	0.0	1.0
0.36281857041	0.397891917293	0.494046808394
0.0	0.0	1.0
0.0	0.0	1.0
0.0	0.0	1.0
0.0	0.0	1.0
0.0	0.0	1.0
0.348864559144	0.505925065875	0.401931318945
0.327495927861	0.453490391254	0.476761686074
0.348719750565	0.442859090362	0.46313991046
0.0	0.0	1.0
0.3241918474	0.533325764708	0.40158885053
0.311302285863	0.480803338539	0.467988666115
0.349457123717	0.48340779364	0.422821845025
0.0	0.0	1.0
0.0	0.0	1.0
0.0	0.0	1.0
0.341242781183	0.482462022958	0.433091217827
0.0	0.0	1.0
0.0	0.0	1.0
0.0	0.0	1.0
0.0	0.0	1.0
0.0	0.0	1.0
0.0	0.0	1.0
0.0	0.0	1.0
0.0	0.0	1.0
0.351198823677	0.444905437478	0.458839355502
0.0	0.0	1.0
0.395891029676	0.483741267105	0.374920256884
0.348035142241	0.463791677541	0.445016402696
0.0	0.0	1.0
0.0	0.0	1.0
0.368880377139	0.513581527519	0.373657703906
0.0	0.0	1.0
0.329130578165	0.466110092158	0.462382407507
0.338712968777	0.525594248332	0.393940193007
1.0	0.0	0.0
0.386712720774	0.483159049848	0.384548274925
1.0	0.0	0.0
0.0	0.0	1.0
0.0	0.0	1.0
0.0	0.0	1.0
0.0	0.0	1.0
0.0	0.0	1.0
0.0	0.0	1.0
0.338350049549	0.4946951957	0.424697615799
0.0	0.0	1.0
0.0	0.0	1.0
0.0	0.0	1.0
0.35946717796	0.50460005725	0.392070228784
0.0	0.0	1.0
1.0	0.0	0.0
0.0	0.0	1.0
0.329243015297	0.423797027488	0.504591975569
0.0	0.0	1.0
0.316878045871	0.500151844804	0.442823131127
0.0	0.0	1.0
0.0	0.0	1.0
0.0	0.0	1.0
0.0	0.0	1.0
0.0	0.0	1.0
0.0	0.0	1.0
0.0	0.0	1.0
0.0	0.0	1.0
0.345184258614	0.40942025662	0.50081106286
0.316479310313	0.492644338765	0.449354707948
0.0	0.0	1.0
0.331586934479	0.496463279391	0.429080542826
0.0	0.0	1.0
0.0	0.0	1.0
0.0	0.0	1.0
0.0	0.0	1.0
0.0	0.0	1.0
0.327899664517	0.466419556347	0.464789240682
0.0	0.0	1.0
0.0	0.0	1.0
0.0	0.0	1.0
0.0	0.0	1.0
0.31428655444	0.47175637489	0.474770389831
0.339527853417	0.452027211893	0.465979466109
0.32974694921	0.452320506624	0.475842610649
0.304175359915	0.505843305825	0.452345233686
0.0	0.0	1.0
0.0	0.0	1.0
0.32497649322	0.481763904457	0.450929334308
0.311824227457	0.532652670513	0.415812920204
0.345670518444	0.460448011803	0.451538164716
0.0	0.0	1.0
0.343040473201	0.457216968288	0.455174587886
0.0	0.0	1.0
0.0	0.0	1.0
0.32949037075	0.512092827152	0.41734803917
0.0	0.0	1.0
0.331136387491	0.484244347522	0.441651496959
0.0	0.0	1.0
0.347743722686	0.460835474561	0.445918935854
0.0	0.0	1.0
1.0	0.0	0.0
0.339679332331	0.461622883198	0.453945427597
0.3392331728	0.44004271249	0.477166056234
0.340251264911	0.461918548781	0.453664338955
0.349896575317	0.467300585933	0.437566034168
0.0	0.0	1.0
0.0	0.0	1.0
0.338673989166	0.435729667219	0.481905886825
1.0	0.0	0.0
0.0	0.0	1.0
0.0	0.0	1.0
0.385587620542	0.439458703142	0.427804046098
0.293554418405	0.457445021696	0.511922575481
0.377104452015	0.422277879168	0.454113499346
0.0	0.0	1.0
0.0	0.0	1.0
0.0	0.0	1.0
0.347553810204	0.479154376079	0.429504529292
0.0	0.0	1.0
0.330275924771	0.500243916519	0.427398232935
0.322534459549	0.486752766061	0.448992820206
0.0	0.0	1.0
0.316240618164	0.487364755193	0.455771114386
0.32054708207	0.465068402507	0.47357702696
0.319528483007	0.454589176085	0.4843165154
0.388153914079	0.351754744037	0.516563066434
1.0	0.0	0.0
0.327680155377	0.495993393698	0.434638908736
0.0	0.0	1.0
0.0	0.0	1.0
0.347317187383	0.507049366542	0.402162133645
0.363925084298	0.440525881815	0.449198591691
1.0	0.0	0.0
0.0	0.0	1.0
0.35936836594	0.439402690163	0.455923445322
1.0	0.0	0.0
0.339396837016	0.435629771724	0.482996152718
0.379477701309	0.511768454366	0.365050684632
1.0	0.0	0.0
0.0	0.0	1.0
0.38574574012	0.442442865057	0.424941121719
0.343171680001	0.403361257814	0.510042122523
0.353479237591	0.482376587859	0.419270701954
0.0	0.0	1.0
0.0	0.0	1.0
0.324077457802	0.475297037934	0.458218413923
0.35861709212	0.392833622244	0.504388814191
0.0	0.0	1.0
0.313362233139	0.504583143638	0.44229808504
0.0	0.0	1.0
0.0	0.0	1.0
1.0	0.0	0.0
1.0	0.0	0.0
0.0	0.0	1.0
0.335594785196	0.413291945762	0.508512215571
0.323913716486	0.524709412507	0.409820751452
0.369510240826	0.381113877477	0.505110534333
0.0	0.0	1.0
1.0	0.0	0.0
0.0	0.0	1.0
0.33929060236	0.456682523355	0.459746486942
0.0	0.0	1.0
0.0	0.0	1.0
0.369462312768	0.433301266951	0.451128236194
0.332121794484	0.453215604865	0.471111483883
0.0	0.0	1.0
0.358668225266	0.415294155349	0.480890000265
0.366647593138	0.403732491701	0.484522080698
0.0	0.0	1.0
0.0	0.0	1.0
0.0	0.0	1.0
0.0	0.0	1.0
0.355424792376	0.452747115794	0.446101986081
0.330567926407	0.502923936373	0.42424130926
0.321011622406	0.499966531065	0.437729433604
0.384846407583	0.450304822565	0.417671009144
0.347725168223	0.423965499836	0.484903166525
0.0	0.0	1.0
1.0	0.0	0.0
0.0	0.0	1.0
0.0	0.0	1.0
0.31941738694	0.480759171191	0.458915875711
0.0	0.0	1.0
0.323886999664	0.512410632552	0.422600533958
0.340963583466	0.480078476628	0.434790536577
0.0	0.0	1.0
0.0	0.0	1.0
0.31100140936	0.390057511236	0.560043565076
0.325637916974	0.51960857856	0.414017282985
1.0	0.0	0.0
0.0	0.0	1.0
0.0	0.0	1.0
0.313008872751	0.45372252109	0.492584559617
0.28276385105	0.53098227335	0.451520576981
0.0	0.0	1.0
0.330432421244	0.503037552022	0.424407757413
0.325024393957	0.446723054482	0.487921442728
0.358260437752	0.431035972521	0.4653008233
1.0	0.0	0.0
1.0	0.0	0.0
0.296044311653	0.426857718469	0.539272159029
0.369544972841	0.483802535598	0.401062227085
0.345686204447	0.509144587663	0.401991260705
0.0	0.0	1.0
0.0	0.0	1.0
0.328235541204	0.460959916536	0.468827558921
0.345346283727	0.437880664863	0.47262202341
0.0	0.0	1.0
0.314969066704	0.458154924301	0.48601550061
0.3675227869	0.433401454901	0.453225094074
1.0	0.0	0.0
0.0	0.0	1.0
0.374664159342	0.440158164289	0.437512166004
0.33371297154	0.439021671301	0.483845750355
0.334474069257	0.473208063152	0.448703282457
0.0	0.0	1.0
0.0	0.0	1.0
0.0	0.0	1.0
0.0	0.0	1.0
0.3476621845	0.474528557902	0.433592228352
0.326502600196	0.497967867326	0.433291831234
0.293232739859	0.520637306864	0.449947933333
0.0	0.0	1.0
1.0	0.0	0.0
0.0	0.0	1.0
0.320755602901	0.468858989734	0.470040354665
0.327272926503	0.462542925182	0.467679267304
0.311179025829	0.482956870104	0.464845600745
0.321783506806	0.486470883694	0.449882273442
0.348512643137	0.480633820891	0.426158929323
0.334338332492	0.44873943497	0.473663154521
0.324497874152	0.448706464127	0.485230306952
0.321542321393	0.443776131632	0.493073261582
0.331308548001	0.545989891543	0.381455289722
0.0	0.0	1.0
0.308453405542	0.508150525707	0.444137959801
1.0	0.0	0.0
1.0	0.0	0.0
0.330576314736	0.477305293234	0.450510034802
0.381332253143	0.404046174723	0.467537980527
0.331079278659	0.439179965946	0.48769273401
0.32061374823	0.525372989207	0.413561711139
0.0	0.0	1.0
0.364494500717	0.403915954358	0.485476228014
0.0	0.0	1.0
0.0	0.0	1.0
0.0	0.0	1.0
0.0	0.0	1.0
0.327627043882	0.477793629694	0.450936063019
0.0	0.0	1.0
0.326349908868	0.435421056933	0.495795299096
0.334630855044	0.466560771406	0.455373709156
0.340131719918	0.45896481233	0.456653890923
0.0	0.0	1.0
0.336706206804	0.460273010178	0.45922956363
0.33785452065	0.438535731911	0.480036058674
0.0	0.0	1.0
0.0	0.0	1.0
0.31893296389	0.578917530356	0.363227786437
0.331179408168	0.483994484109	0.442141049363
0.348645953853	0.463633462185	0.444033363106
0.309819957456	0.514368564549	0.43583503074
0.0	0.0	1.0
0.33937343068	0.364345854438	0.554967831064
0.34213280008	0.479615480561	0.434080029832
0.316867232838	0.463169448748	0.478571799699
0.328432438017	0.437505104811	0.491821109259
0.0	0.0	1.0
0.347816370547	0.504055082671	0.404302973095
0.325756207371	0.521719028337	0.410845129024
0.0	0.0	1.0
0.0	0.0	1.0
0.304384788907	0.503472409309	0.452982259892
0.322838720425	0.458334951055	0.477715103866
0.339695469075	0.458509359985	0.457187941503
0.367879851102	0.448212211234	0.436887006401
0.0	0.0	1.0
0.325331123734	0.494100949415	0.437798397151
0.0	0.0	1.0
0.33936825285	0.471935509582	0.444986154641
0.328485398836	0.467498491391	0.460992757423
0.35637510669	0.493246945209	0.405750448818
1.0	0.0	0.0
0.298477576509	0.532167641299	0.432344797346
1.0	0.0	0.0
1.0	0.0	0.0
0.345400826257	0.446640502872	0.463471757343
0.0	0.0	1.0
0.391271216557	0.461195961609	0.400928114723
0.401816978876	0.430689227987	0.420031416373
0.0	0.0	1.0
0.0	0.0	1.0
0.290777500924	0.433186993853	0.539680617682
0.331411198495	0.531760524108	0.395697710966
0.0	0.0	1.0
1.0	0.0	0.0
1.0	0.0	0.0
0.0	0.0	1.0
1.0	0.0	0.0
1.0	0.0	0.0
0.305430667721	0.454822651189	0.500691484858
0.0	0.0	1.0
0.339293816505	0.455918557467	0.461643595373
0.289876728016	0.521704408424	0.452376042542
0.310122523197	0.454970368814	0.495301466996
0.0	0.0	1.0
0.340068413347	0.512202043344	0.404496001452
0.331874958031	0.547135889133	0.379224872483
0.344866871571	0.464597477496	0.445343677978
0.316144165092	0.467127666245	0.475927588186
0.0	0.0	1.0
0.332888558396	0.483834014863	0.441014008805
0.355531705548	0.494734771642	0.405560701118
0.329383283611	0.533597459355	0.395411266829
0.350479755914	0.468212451968	0.435602146372
0.0	0.0	1.0
1.0	0.0	0.0
0.333424967615	0.47319787523	0.44986653634
0.331874566997	0.472274854743	0.45274243938
1.0	0.0	0.0
0.323053675002	0.505700430937	0.43074502406
0.0	0.0	1.0
0.335258848179	0.482919183151	0.438444145017
0.336244805185	0.399401611773	0.522020760913
0.35904354199	0.491704284286	0.404661270362
0.297602552134	0.470755219339	0.493352618984
0.0	0.0	1.0
0.305150505053	0.512710283553	0.443356956582
0.0	0.0	1.0
0.341852124514	0.48195025051	0.432791853373
0.322251859592	0.5010332507	0.435192369591
0.0	0.0	1.0
0.346278627502	0.50337910172	0.406164491561
0.331178962361	0.485603571133	0.440084837997
0.0	0.0	1.0
0.312206367772	0.49662210047	0.450588017096
0.0	0.0	1.0
0.304890054739	0.48430032664	0.471629951753
0.319349570415	0.466316696033	0.472049819749
0.0	0.0	1.0
1.0	0.0	0.0
0.290595353026	0.538997646905	0.435499604901
0.0	0.0	1.0
1.0	0.0	0.0
1.0	0.0	0.0
0.336289845794	0.496632359975	0.424004379486
0.312600410667	0.487655974569	0.458940527
0.0	0.0	1.0
0.333749831488	0.48682317739	0.436936131544
0.312310427602	0.449869369925	0.498766104305
0.382473047658	0.468364408294	0.402777893014
0.346819610993	0.464080439209	0.444854919563
1.0	0.0	0.0
0.340865086947	0.472714067475	0.442355214263
0.348779820079	0.421500815334	0.485420298119
0.336163271261	0.479943778632	0.440552038555
0.3526446505	0.462576551853	0.439262104164
0.31534144518	0.517091488989	0.426796122525
0.317774159989	0.429897001942	0.511132846069
0.311381520336	0.514960342358	0.432982252904
1.0	0.0	0.0
1.0	0.0	0.0
0.0	0.0	1.0
0.0	0.0	1.0
0.321777892922	0.516875072092	0.419877479212
0.0	0.0	1.0
0.310768605158	0.481751779891	0.467444830117
0.368631654589	0.422417766643	0.463230675902
0.298347493718	0.48436881431	0.479784149666
0.338326653726	0.477952014933	0.440019077007
0.0	0.0	1.0
0.0	0.0	1.0
0.321062792583	0.413449281376	0.525159200781
0.0	0.0	1.0
0.0	0.0	1.0
0.315787827453	0.466741043433	0.476325585292
0.0	0.0	1.0
0.0	0.0	1.0
0.0	0.0	1.0
0.0	0.0	1.0
0.0	0.0	1.0
0.0	0.0	1.0
0.0	0.0	1.0
0.0	0.0	1.0
0.0	0.0	1.0
0.0	0.0	1.0
0.0	0.0	1.0
0.0	0.0	1.0
0.344499481872	0.461710258714	0.448371576051
0.336523684324	0.460850317298	0.458954373764
0.0	0.0	1.0
0.32785080023	0.444994447836	0.484856209761
0.0	0.0	1.0
1.0	0.0	0.0
0.0	0.0	1.0
0.325720728097	0.50506719625	0.427252170826
0.286026646371	0.624910973831	0.355353144131
0.0	0.0	1.0
0.0	0.0	1.0
0.0	0.0	1.0
0.0	0.0	1.0
0.0	0.0	1.0
1.0	0.0	0.0
0.0	0.0	1.0
0.0	0.0	1.0
1.0	0.0	0.0
0.0	0.0	1.0
0.0	0.0	1.0
0.0	0.0	1.0
0.0	0.0	1.0
0.0	0.0	1.0
0.0	0.0	1.0
1.0	0.0	0.0
0.355289410653	0.442445585703	0.45676478023
0.0	0.0	1.0
0.0	0.0	1.0
0.0	0.0	1.0
1.0	0.0	0.0
0.318730361534	0.434201792993	0.506562914949
0.0	0.0	1.0
0.351428568138	0.471682481789	0.432105823497
0.31548359835	0.532283635692	0.412112792359
0.0	0.0	1.0
0.0	0.0	1.0
0.0	0.0	1.0
0.0	0.0	1.0
0.315400318995	0.48297469659	0.460507353073
0.0	0.0	1.0
0.329068279629	0.416249479867	0.512095380841
0.326851846419	0.441058414536	0.490513799763
0.0	0.0	1.0
0.0	0.0	1.0
0.315988211157	0.456950236584	0.485838210778
0.0	0.0	1.0
0.335792965878	0.461067968317	0.459135176721
0.0	0.0	1.0
0.334576282321	0.514647892159	0.408444982709
1.0	0.0	0.0
0.0	0.0	1.0
0.0	0.0	1.0
0.338466453037	0.484114653418	0.434616064064
0.356607916405	0.423804311419	0.47394599397
0.358703140193	0.447195241763	0.448371125116
1.0	0.0	0.0
0.0	0.0	1.0
0.314370681663	0.571368859521	0.375928187105
0.0	0.0	1.0
0.0	0.0	1.0
0.0	0.0	1.0
0.352627610853	0.445425938292	0.45775563063
0.0	0.0	1.0
0.315233806511	0.488403727403	0.455237740451
0.0	0.0	1.0
0.343101089376	0.446626817102	0.466702570279
0.292615803545	0.476212282858	0.494347427577
0.348097122676	0.467025563328	0.440588585366
0.386307656554	0.49269530858	0.375458373347
0.0	0.0	1.0
0.0	0.0	1.0
0.319872372457	0.497342501519	0.441828133105
0.0	0.0	1.0
1.0	0.0	0.0
0.328945912578	0.410167542188	0.519410981798
0.322260327524	0.482231562711	0.454336598804
0.309523911517	0.520705814281	0.430669468972
0.0	0.0	1.0
0.328396235279	0.462778650933	0.466583176905
0.337160625312	0.457403306714	0.462092190806
0.327797465453	0.498957072763	0.430975511993
0.34536776971	0.499052118357	0.411941289032
0.337115968801	0.486121902154	0.433237484812
0.32549896503	0.451072524381	0.481912093185
0.322459960105	0.462832400346	0.472475270332
0.0	0.0	1.0
0.319530509832	0.501938452474	0.437547273367
0.340453227712	0.487311638025	0.428631962636
0.34330332988	0.557888044339	0.357847658353
1.0	0.0	0.0
0.325077350036	0.45477996185	0.478961832862
0.29387010819	0.522929472503	0.446965733097
0.0	0.0	1.0
0.322329825316	0.5077040145	0.429145297284
0.320831374475	0.523366108371	0.414541429231
1.0	0.0	0.0
0.333652185973	0.498066474706	0.425432139573
0.0	0.0	1.0
0.369596943094	0.437445750519	0.447559323842
0.32904741376	0.4843268943	0.444226053513
0.328081431962	0.455152324094	0.473730610452
0.291059748951	0.484292619884	0.488778129605
1.0	0.0	0.0
0.308041686598	0.47254900975	0.479617598021
0.385119890428	0.436866122138	0.43122406324
1.0	0.0	0.0
0.0	0.0	1.0
0.333544475348	0.419726646684	0.503800318756
0.0	0.0	1.0
0.0	0.0	1.0
0.322943950284	0.474650264174	0.461477413701
0.0	0.0	1.0
0.327292333103	0.492318318442	0.437569838117
0.330176727911	0.443124025244	0.484634764807
0.360216818906	0.486924247885	0.408552849607
0.337343923531	0.53876998986	0.383031584803
0.321520250517	0.480760563387	0.455857921946
0.392466225523	0.407324230173	0.454092609753
0.321685960032	0.546205013468	0.391184937687
0.0	0.0	1.0
0.304105634179	0.455588994671	0.501222457106
0.319090287602	0.480096829352	0.460232777553
0.320977842626	0.531680445362	0.407110246269
0.0	0.0	1.0
0.334354850249	0.51573269831	0.407704486607
1.0	0.0	0.0
0.0	0.0	1.0
0.0	0.0	1.0
0.0	0.0	1.0
0.324429896968	0.518446172733	0.415399471492
0.0	0.0	1.0
0.324711326019	0.534965369323	0.398970948059
0.317236729445	0.466026512298	0.476445093804
0.307584879392	0.459266821811	0.492856240027
0.2806996951	0.492559558752	0.492459178154
0.315778566377	0.522058045305	0.421825763686
0.337595158862	0.546997359195	0.373949027042
0.346447863346	0.446454021845	0.462497273318
0.346562911774	0.473771787163	0.435391906217
0.0	0.0	1.0
0.0	0.0	1.0
0.0	0.0	1.0
0.35222220464	0.489646231895	0.413493720622
0.315407393181	0.524627752201	0.419676205067
0.340267575078	0.365975673472	0.552569204428
0.330080712234	0.484569987557	0.442949805445
0.277000536418	0.553384759739	0.435873770485
0.0	0.0	1.0
0.0	0.0	1.0
0.35050231099	0.552864268951	0.355068835643
0.0	0.0	1.0
0.303122841924	0.487380131982	0.470728994899
0.0	0.0	1.0
0.0	0.0	1.0
0.0	0.0	1.0
0.286931127926	0.497569933188	0.479931021258
0.0	0.0	1.0
0.325723409213	0.447202348304	0.484806053371
0.0	0.0	1.0
0.328969601681	0.470409079903	0.457552160092
0.0	0.0	1.0
0.0	0.0	1.0
0.332628811233	0.450414763441	0.473688877132
0.0	0.0	1.0
0.324930933017	0.506595318363	0.426526078607
0.0	0.0	1.0
1.0	0.0	0.0
0.323546725301	0.51246098059	0.423226529305
0.0	0.0	1.0
0.320859408699	0.427538605665	0.510925687486
0.325059837864	0.480713118716	0.451867237044
0.302515131865	0.522134066965	0.436242482258
1.0	0.0	0.0
0.0	0.0	1.0
1.0	0.0	0.0
0.338906327088	0.478294375379	0.438703545249
0.370209320994	0.408985447301	0.475987921151
0.0	0.0	1.0
0.0	0.0	1.0
1.0	0.0	0.0
0.321962355135	0.484727878618	0.451151666249
0.337806736771	0.44224640107	0.477140049308
0.0	0.0	1.0
0.3378575502	0.449316334281	0.469628259736
0.309549199959	0.524021554598	0.426072952636
1.0	0.0	0.0
0.333437232634	0.499375315648	0.424883540905
0.0	0.0	1.0
0.321479636325	0.437038109521	0.501309443271
0.0	0.0	1.0
1.0	0.0	0.0
0.328485398836	0.467498491391	0.460992757423
1.0	0.0	0.0
0.0	0.0	1.0
0.318667473477	0.533404399148	0.407486608519
0.333900093517	0.426830010764	0.495944719198
0.0	0.0	1.0
0.0	0.0	1.0
1.0	0.0	0.0
0.361766238011	0.437004823285	0.455477796276
0.362582163718	0.480766238774	0.411307287071
0.307227152933	0.472129708716	0.480837050245
0.0	0.0	1.0
0.30958121806	0.475068592054	0.475226393663
0.338270333221	0.501903998532	0.417128324093
0.304053096335	0.4588583895	0.498024827407
0.345036595098	0.446226662626	0.464270908274
0.373927206052	0.464721960066	0.415568014767
0.338555306029	0.476406751611	0.442495548168
0.303676644231	0.512056975624	0.445739466269
0.326197826268	0.508267691808	0.423783223683
0.32304924189	0.483586712559	0.451746242348
0.354196665658	0.420597239174	0.47964372565
0.362764751609	0.491512874578	0.40049317751
1.0	0.0	0.0
0.315558468291	0.512053726306	0.432751242049
1.0	0.0	0.0
0.0	0.0	1.0
0.0	0.0	1.0
1.0	0.0	0.0
0.300037443847	0.500190268574	0.461876674258
0.0	0.0	1.0
1.0	0.0	0.0
0.302753564607	0.465017784476	0.493419300404
1.0	0.0	0.0
0.32725480029	0.495855255435	0.43480466947
0.315338496012	0.469773706352	0.47511092055
0.325359886655	0.470623006153	0.461900035046
1.0	0.0	0.0
0.316912693747	0.448607348689	0.494409498341
0.0	0.0	1.0
0.398365685302	0.418922192277	0.43556798503
0.0	0.0	1.0
0.336658915135	0.514250187	0.407190188729
0.0	0.0	1.0
0.0	0.0	1.0
0.0	0.0	1.0
0.364233730749	0.420900127164	0.468470665286
0.0	0.0	1.0
0.379491817993	0.517072833432	0.359220576771
0.0	0.0	1.0
0.353056314349	0.460285120289	0.441881554846
0.0	0.0	1.0
0.361982867022	0.414303039697	0.477548271115
0.378856971881	0.427633690137	0.446262316293
0.0	0.0	1.0
0.40826059566	0.403457941488	0.442322123397
0.325853666239	0.47559748441	0.45637244694
0.325542512253	0.465539412455	0.465644968678
0.331797961192	0.493187119112	0.431630768749
1.0	0.0	0.0
0.0	0.0	1.0
0.0	0.0	1.0
0.319305890364	0.4712943891	0.467856078468
0.40898805966	0.399312760511	0.444443012428
0.0	0.0	1.0
0.402343579927	0.39157005936	0.458332884871
0.0	0.0	1.0
0.402887509999	0.443705341269	0.40538754051
0.346645756128	0.556683571659	0.354654523363
1.0	0.0	0.0
0.356009446787	0.489082243807	0.409768329262
0.0	0.0	1.0
0.0	0.0	1.0
0.0	0.0	1.0
0.337284252462	0.491983337791	0.42710510478
0.336861450998	0.504946145359	0.415462960868
0.0	0.0	1.0
0.292786796891	0.463881858748	0.506452100296
0.373479594431	0.47686847144	0.403172666906
0.373201508165	0.469918798156	0.411123729052
0.360516767298	0.5419839025	0.355167719533
0.0	0.0	1.0
0.0	0.0	1.0
0.34599025217	0.499313504474	0.410566558793
0.0	0.0	1.0
0.322962624208	0.50342839609	0.431603600312
0.330073174769	0.427256659493	0.501506135454
0.379394824289	0.449816537801	0.424361127781
0.0	0.0	1.0
0.0	0.0	1.0
0.352106210659	0.403960416871	0.499998687556
0.31934810647	0.480179888413	0.458932257358
1.0	0.0	0.0
0.325920613143	0.510412957002	0.421410595035
0.0	0.0	1.0
0.315956798991	0.424535689973	0.518696054962
0.0	0.0	1.0
0.334205581331	0.456169271038	0.465948884909
0.345891301494	0.523564899989	0.387719816138
0.355457701554	0.385543910216	0.51520196334
0.0	0.0	1.0
0.0	0.0	1.0
0.0	0.0	1.0
0.38053485996	0.459657447006	0.412506636287
0.361533831193	0.486647306736	0.407146895987
0.327278347055	0.491272011625	0.439481503788
0.0	0.0	1.0
0.34560379265	0.456360383797	0.45308609435
0.0	0.0	1.0
0.338532796496	0.456233196492	0.462187189443
0.0	0.0	1.0
1.0	0.0	0.0
0.0	0.0	1.0
0.313985036817	0.448866296885	0.496502308523
0.309396669759	0.479175241339	0.470875434533
0.377272507243	0.469944990464	0.407379795969
0.341750954171	0.541049378983	0.37600019631
0.0	0.0	1.0
0.368402597938	0.489979177852	0.396049913236
0.345902167739	0.490433648782	0.420028914485
0.323374203672	0.438982026703	0.495666495169
0.299867144411	0.518274946972	0.444381830377
0.306134811672	0.475350955186	0.478576315584
0.0	0.0	1.0
0.319091092336	0.485316177102	0.454228620306
0.356036166911	0.405455142979	0.493390425799
0.0	0.0	1.0
0.0	0.0	1.0
1.0	0.0	0.0
0.0	0.0	1.0
0.322595000261	0.532791426427	0.404662292192
0.357038918251	0.468228903414	0.430218150315
1.0	0.0	0.0
0.338285041238	0.487269047968	0.430978322872
0.347826686961	0.399927526212	0.508096660226
0.297483808847	0.561531627605	0.403984093778
1.0	0.0	0.0
0.357644409535	0.501302902639	0.396683372159
0.0	0.0	1.0
0.389229398215	0.475671491202	0.389214809666
0.35395040862	0.432902325202	0.466666801324
0.315105550359	0.522528674585	0.4220021048
0.0	0.0	1.0
0.301837923351	0.510746457134	0.448720942728
0.345846504296	0.47717746182	0.432739048104
1.0	0.0	0.0
0.346711389638	0.478266565198	0.431718850091
0.300843852183	0.535024934471	0.425887232494
0.0	0.0	1.0
0.351433040816	0.488913263626	0.414923214573
0.0	0.0	1.0
0.0	0.0	1.0
0.336862491643	0.545004043692	0.376666779065
0.0	0.0	1.0
0.0	0.0	1.0
0.295701361708	0.488306207318	0.479654370425
0.314394738619	0.493843488151	0.451194085855
0.0	0.0	1.0
0.344974862305	0.487787691366	0.423380288682
0.376978100358	0.460515185252	0.416464566049
0.334089529611	0.476227477757	0.44672200885
0.340897847205	0.465859770437	0.448875492386
0.318259712518	0.540735576818	0.400705755387
0.0	0.0	1.0
0.335633754448	0.513212883885	0.40858398103
0.0	0.0	1.0
0.358834694689	0.497294372483	0.399378421076
0.349448293407	0.536219029222	0.370997636764
0.301579476975	0.545372867753	0.414271957079
0.0	0.0	1.0
0.341167605596	0.490171044625	0.425285112344
0.0	0.0	1.0
0.341784540672	0.470771234613	0.442922612978
0.33752778433	0.484163632082	0.43479601167
0.290555539809	0.516792868964	0.455567460063
0.0	0.0	1.0
0.0	0.0	1.0
0.341170188847	0.506944346877	0.408248108989
0.0	0.0	1.0
0.312053371053	0.470925917279	0.476168684829
0.348741881058	0.43316621893	0.474204290194
0.0	0.0	1.0
0.355843521039	0.453226695177	0.446481225355
0.321656376571	0.497022574606	0.43870255321
0.340151366017	0.47394818526	0.441744173704
0.0	0.0	1.0
0.0	0.0	1.0
1.0	0.0	0.0
0.0	0.0	1.0
0.327836721313	0.429074191702	0.500496286885
0.0	0.0	1.0
0.424325884604	0.384886729421	0.442844322094
0.0	0.0	1.0
0.0	0.0	1.0
0.343361714879	0.455539356609	0.457519381918
0.344480977569	0.482901895976	0.427578142037
0.0	0.0	1.0
0.316707252831	0.506265475108	0.435721747229
0.316869001465	0.560224745532	0.383754296971
0.320495065858	0.482045880436	0.455709592482
0.309969728487	0.51352546565	0.43636079351
0.0	0.0	1.0
0.299911034898	0.54822767697	0.413938253272
0.0	0.0	1.0
0.308453400297	0.515073319132	0.437619639204
0.402884014735	0.45707475548	0.393266426691
0.0	0.0	1.0
0.312548675628	0.543679573649	0.404103902777
0.314123228749	0.514930924388	0.431259432806
0.315650800827	0.474405709774	0.468889394805
0.353494598323	0.46726274711	0.434461126391
0.334754727751	0.533054455109	0.391167162574
0.0	0.0	1.0
0.312579151095	0.472935893233	0.474960655682
0.0	0.0	1.0
0.0	0.0	1.0
0.317311089677	0.534597065122	0.408246772265
0.0	0.0	1.0
0.0	0.0	1.0
0.0	0.0	1.0
0.335825452409	0.478915818162	0.442791102243
0.312889239674	0.466695150801	0.480063779865
0.306098387317	0.421193012931	0.53520451512
0.0	0.0	1.0
0.347700702012	0.440342210405	0.467352872726
0.275306329753	0.534735692412	0.456535267529
0.0	0.0	1.0
0.0	0.0	1.0
0.288582972313	0.484267321758	0.489962098802
0.339361788729	0.459446832672	0.456014914735
0.0	0.0	1.0
0.297343953288	0.488751064519	0.475538223415
0.315466098202	0.402497750814	0.542563163008
0.0	0.0	1.0
0.0	0.0	1.0
0.33419735269	0.466733784383	0.455691911769
0.0	0.0	1.0
0.353847022735	0.414362383847	0.486723973047
0.337372297857	0.482475991675	0.435935451512
0.330540726273	0.476442148006	0.450372492706
0.324267190945	0.463835940859	0.469808759867
0.350775790439	0.428128076115	0.477002843231
0.332105987577	0.467281984024	0.459230554498
0.345299110829	0.399654076061	0.511944962521
0.0	0.0	1.0
0.0	0.0	1.0
0.37216920792	0.443330630947	0.437751586751
0.0	0.0	1.0
0.0	0.0	1.0
0.322488939504	0.520889592978	0.415914746047
0.338997694624	0.459316929861	0.458378289597
0.0	0.0	1.0
0.2694671869	0.452921513748	0.54465828417
0.0	0.0	1.0
0.30558805189	0.519150828294	0.437769463748
0.0	0.0	1.0
0.308416065274	0.465347978411	0.487011404971
0.0	0.0	1.0
0.0	0.0	1.0
0.0	0.0	1.0
0.0	0.0	1.0
0.370924102994	0.401380703525	0.483356884576
0.308261608136	0.486103952659	0.466221282857
0.347018223144	0.492393956543	0.416111426741
0.289936846335	0.509777683519	0.463445085598
0.0	0.0	1.0
0.0	0.0	1.0
0.349361741825	0.445170140066	0.459372885389
0.0	0.0	1.0
0.316566385112	0.477983069429	0.464208029027
0.352398468755	0.474296904235	0.428258223008
0.0	0.0	1.0
0.344200535194	0.459086684641	0.452776163868
0.332441721672	0.466884731234	0.457907505276
0.0	0.0	1.0
0.35618106279	0.417276335509	0.482795027121
0.0	0.0	1.0
0.360981513073	0.444497594553	0.44847353534
0.340615453228	0.468046900873	0.44737781862
1.0	0.0	0.0
1.0	0.0	0.0
0.0	0.0	1.0
0.0	0.0	1.0
0.356937383095	0.464720514352	0.431763099821
0.316964583579	0.465510643934	0.477573878244
0.0	0.0	1.0
0.351915045237	0.447840232691	0.454563694118
0.0	0.0	1.0
0.335577193937	0.414367809757	0.507103362907
0.0	0.0	1.0
0.395584147084	0.447590993462	0.409785765672
0.0	0.0	1.0
0.0	0.0	1.0
0.0	0.0	1.0
0.356026832927	0.480685049643	0.418316457948
0.331928497191	0.466373734431	0.458422602939
0.314444053739	0.440228476018	0.50418109399
0.0	0.0	1.0
0.0	0.0	1.0
0.316853434569	0.558026561931	0.38562035559
0.313018690289	0.489546932017	0.457089290175
0.317646117197	0.521810287368	0.419254570716
0.0	0.0	1.0
0.329102394835	0.437071035071	0.491840092755
0.0	0.0	1.0
0.0	0.0	1.0
0.338471060612	0.434694497911	0.48350969141
0.0	0.0	1.0
0.357802210218	0.511297412648	0.387164758825
0.0	0.0	1.0
0.325349630683	0.473775279053	0.458364426662
0.389221837935	0.422866726832	0.440340030775
0.339901643282	0.477980222175	0.439049993014
0.0	0.0	1.0
0.361045027194	0.444648913669	0.44764817837
0.335506582406	0.453593720869	0.467509296372
0.38844679821	0.436597680138	0.428121187403
0.335254349704	0.543012269836	0.379843909223
0.338631645307	0.449666663643	0.467812635098
0.318478234359	0.547779613737	0.393173735992
0.335707109683	0.507896468258	0.413551441482
1.0	0.0	0.0
0.373374809607	0.440051637945	0.440275062302
0.370148500111	0.500658245863	0.384275467562
0.362705027205	0.391966800422	0.500929825368
0.0	0.0	1.0
0.0	0.0	1.0
0.33368227811	0.485347957936	0.43758055223
0.0	0.0	1.0
0.0	0.0	1.0
0.335517302576	0.422061307583	0.499197359448
0.0	0.0	1.0
0.331524831838	0.504361971415	0.421586690894
0.382607885106	0.442711421606	0.427348561936
0.364908229866	0.457724074005	0.431041517737
0.0	0.0	1.0
0.0	0.0	1.0
0.317131473715	0.49690332358	0.443465676464
0.276614376142	0.490009917696	0.500177967878
0.315367995415	0.481724137308	0.461849467658
0.337022954882	0.530332643652	0.391445786672
0.331202167836	0.472349872637	0.453384189815
0.405905227529	0.417348148931	0.429483559562
0.320566865475	0.505187723142	0.432612151375
0.321276555874	0.492151419311	0.445080719817
1.0	0.0	0.0
0.0	0.0	1.0
1.0	0.0	0.0
0.309452513495	0.496214723524	0.45507924528
0.0	0.0	1.0
0.333829259585	0.476510731209	0.446482355383
0.329855207514	0.462517791233	0.465604186218
0.332204579349	0.519676593013	0.406034215838
0.0	0.0	1.0
0.344608022542	0.435357533892	0.475667879615
0.342716173352	0.413325396369	0.501054766166
1.0	0.0	0.0
0.361484060559	0.419207463309	0.474086820551
0.37529623998	0.468721788649	0.409847961057
0.328507016198	0.521513211604	0.407865336584
0.0	0.0	1.0
0.0	0.0	1.0
0.314634222665	0.455132625886	0.489418399913
0.0	0.0	1.0
0.327862587641	0.559042958643	0.373780411984
0.364489789374	0.411851739997	0.478213724803
0.0	0.0	1.0
0.306135365542	0.482506919774	0.471938995482
1.0	0.0	0.0
0.327193606152	0.389354970206	0.542103910035
0.0	0.0	1.0
0.0	0.0	1.0
0.0	0.0	1.0
0.365684949284	0.444921249688	0.442786714021
0.289123046539	0.433315372955	0.54114861306
0.0	0.0	1.0
0.359545372586	0.46515014723	0.430185238212
0.353418613446	0.489284918974	0.412265767571
0.0	0.0	1.0
0.306644716989	0.479153759753	0.474391769982
0.345951617428	0.497462010753	0.411937467138
0.328630512428	0.487793311295	0.441076460725
0.0	0.0	1.0
0.343348833604	0.479633193274	0.433016242039
0.331307918199	0.608754703973	0.32287230099
0.335360349244	0.465327064217	0.455939428853
0.300110050721	0.500538197996	0.461266331494
1.0	0.0	0.0
0.0	0.0	1.0
0.0	0.0	1.0
0.0	0.0	1.0
0.0	0.0	1.0
0.301572034063	0.489404367625	0.469979216237
0.305396960389	0.53841219589	0.417316805706
0.342006685037	0.443860831883	0.470857354084
0.0	0.0	1.0
1.0	0.0	0.0
0.311983515216	0.384905383674	0.565932410306
0.0	0.0	1.0
0.338782442223	0.448614300857	0.468661763242
0.0	0.0	1.0
0.0	0.0	1.0
0.0	0.0	1.0
0.360986760233	0.484991439096	0.408520541186
0.323300781665	0.421746627812	0.514283096736
0.306369983562	0.564079540647	0.392719223745
0.0	0.0	1.0
0.373097340809	0.46320073802	0.417114387684
0.337040838691	0.479293555956	0.440779362237
0.332378774939	0.449678606765	0.475526157594
0.0	0.0	1.0
0.0	0.0	1.0
0.350837839448	0.461131158308	0.442787980543
0.0	0.0	1.0
0.33081470738	0.408579451524	0.519277961782
1.0	0.0	0.0
0.325889572396	0.497175317232	0.434944869353
0.0	0.0	1.0
1.0	0.0	0.0
0.318027545234	0.513139279873	0.427908280206
0.0	0.0	1.0
0.317667756479	0.406038798605	0.537379971783
0.329310007251	0.500144527786	0.428020846864
0.324172518985	0.539931605707	0.396251036271
0.0	0.0	1.0
0.0	0.0	1.0
0.0	0.0	1.0
0.333047781548	0.430902244269	0.493040102108
0.323979710827	0.500916168386	0.434107341164
0.404274485886	0.364203850335	0.48636558938
0.0	0.0	1.0
1.0	0.0	0.0
0.43145803747	0.408535713174	0.412674838137
0.346504706809	0.426890188132	0.482637471548
0.0	0.0	1.0
0.339812744537	0.4504184411	0.466195807206
0.0	0.0	1.0
0.0	0.0	1.0
0.27580220293	0.52357021679	0.46765784146
0.0	0.0	1.0
0.323134469837	0.455767371401	0.479205265698
0.0	0.0	1.0
0.0	0.0	1.0
0.306492883559	0.524855103046	0.429465143873
0.286573672843	0.531286163573	0.446983177989
0.322560279796	0.472050791876	0.463824847045
0.32080873364	0.514406460557	0.424764555652
0.0	0.0	1.0
0.337561855518	0.433619268837	0.485990299724
0.353976268661	0.480873788959	0.420029494775
0.0	0.0	1.0
0.331022322827	0.417188317518	0.509033007954
0.0	0.0	1.0
0.30636571357	0.451119388202	0.503163855468
0.0	0.0	1.0
0.308878254435	0.463561109423	0.488032934271
0.364100661735	0.456358639416	0.433950486641
0.0	0.0	1.0
0.31047113923	0.481633150263	0.468556740086
0.0	0.0	1.0
1.0	0.0	0.0
0.301564430396	0.458930721567	0.500938802889
0.0	0.0	1.0
0.311871054551	0.448443393057	0.499043586777
0.0	0.0	1.0
0.269256062081	0.509923913585	0.489572141715
0.375645175336	0.42786701051	0.449899315746
0.290148164818	0.553116885232	0.421022198292
0.349429598956	0.363996930637	0.544163856739
1.0	0.0	0.0
0.0	0.0	1.0
0.409266475181	0.394907724241	0.447888747436
0.0	0.0	1.0
0.0	0.0	1.0
0.0	0.0	1.0
0.344354005778	0.448561243621	0.462354214404
0.381370069028	0.391311557945	0.48136664388
0.329504616495	0.465322677877	0.463014514084
0.0	0.0	1.0
0.342240987078	0.497225602295	0.416461287812
0.0	0.0	1.0
0.308593393593	0.464456204345	0.487479821767
0.329273678463	0.456738833194	0.471228223492
0.0	0.0	1.0
0.365701935004	0.442342818576	0.446112172133
0.321708741175	0.512851255402	0.424072929586
0.346146111614	0.506420063006	0.404349236753
1.0	0.0	0.0
0.0	0.0	1.0
0.345062655358	0.484439832633	0.42602210484
0.348086985594	0.458603012196	0.447761424685
0.309383943856	0.447613217416	0.503774809114
0.378243405473	0.437816512411	0.437079663153
0.0	0.0	1.0
0.0	0.0	1.0
0.303563547496	0.498003485442	0.461008411329
0.353305216267	0.449328189091	0.452643823559
0.34188655903	0.482966905983	0.432303576663
0.336665342927	0.474997770022	0.445198970618
0.34459071571	0.444375493184	0.466201721098
1.0	0.0	0.0
0.0	0.0	1.0
0.310183898188	0.472163856706	0.476538435174
0.298530700691	0.417259599288	0.546367734837
0.333072329535	0.494906951851	0.429133719136
0.0	0.0	1.0
0.292900510697	0.500104736235	0.470219354177
1.0	0.0	0.0
1.0	0.0	0.0
0.341418901302	0.541346503551	0.376116985298
0.329662050385	0.484407511291	0.442839684934
0.386882868691	0.414093991451	0.451498714183
0.0	0.0	1.0
0.315989437412	0.517508714472	0.426375020335
0.362578172768	0.430819782244	0.460489442838
0.0	0.0	1.0
1.0	0.0	0.0
0.364545572954	0.47706601123	0.412647699303
0.262340799108	0.499613801787	0.508188691357
0.0	0.0	1.0
0.367731275705	0.433618576675	0.452640180028
0.0	0.0	1.0
0.352698964509	0.457777644228	0.44480655822
0.340085915843	0.47896632807	0.436930466787
0.0	0.0	1.0
0.0	0.0	1.0
0.0	0.0	1.0
0.29761226885	0.51492920344	0.451366375391
0.0	0.0	1.0
0.35041348318	0.486384845659	0.418356993169
0.0	0.0	1.0
0.0	0.0	1.0
0.345897221207	0.470211328427	0.439745452825
0.40293927225	0.428500358635	0.421197170224
0.0	0.0	1.0
0.0	0.0	1.0
0.318750214682	0.489929135176	0.450483891744
0.33440396615	0.465524325093	0.456325570385
0.0	0.0	1.0
0.0	0.0	1.0
0.351652410663	0.486789056211	0.41711359284
0.336627156734	0.437889431596	0.482036145512
0.329142400658	0.494101204127	0.434606928187
1.0	0.0	0.0
1.0	0.0	0.0
0.0	0.0	1.0
