0.419475021227	0.402905045256	0.43214444965
0.443346560406	0.391865950237	0.417265268867
0.445651166978	0.401121197744	0.430329883912
0.228184336238	0.528740249842	0.444060508607
0.26093328756	0.601373768969	0.356161554062
0.197770766881	0.45409132722	0.565263811109
0.352545182061	0.553859286539	0.341903014898
0.438830257244	0.479382203876	0.363145802492
0.634402037225	0.40849473427	0.285228001057
0.40590124603	0.334150024882	0.538654158042
0.315982474027	0.578873757133	0.35601802058
0.267180599364	0.338984944605	0.624350640576
0.223009020899	0.644523984062	0.345454264767
0.227768275417	0.351836315031	0.612774441558
0.232810970559	0.570552058493	0.410984872511
0.335080674948	0.452312665258	0.45091307455
0.233369382934	0.45770301638	0.516098165226
0.469699566685	0.548352080218	0.233406186568
0.323325677328	0.542448830131	0.349367222278
0.314649626465	0.335645029519	0.50952553911
0.439386820086	0.533376904944	0.319430747642
0.151788256561	0.366465349578	0.669880078648
0.195534788667	0.58098146633	0.388556142798
0.251395830663	0.549848218752	0.424095158424
0.213460984481	0.724245981835	0.284699453448
0.520158293894	0.212556971535	0.565280525464
0.339057481735	0.466648754548	0.442863196045
0.231260172757	0.171749483814	0.826580399345
0.742126011671	0.349091092721	0.279193496024
0.466896546591	0.441984783768	0.367452084371
0.197222535754	0.281466721683	0.727658185999
0.230271870371	0.454436927992	0.504416475139
0.567905985036	0.367376421407	0.376622414094
0.340022987756	0.463902824279	0.446180871638
0.221867873157	0.559806131239	0.429108126459
0.433913888819	0.498366996585	0.359042482378
0.451147095119	0.321065818757	0.493204441335
0.297630947775	0.606336621669	0.33523482178
0.406986480451	0.5096511245	0.364651758486
0.332332873011	0.588316983351	0.328508078237
0.23063301345	0.526461487433	0.470049031416
0.56796091586	0.406083184959	0.337256183268
0.284194613968	0.345782878767	0.599101275034
0.652541640548	0.192346874828	0.560558352331
0.478362183505	0.467777406075	0.346708765493
0.426306263829	0.497839865326	0.307992039599
0.446665579253	0.503888568071	0.348210153542
0.218418965991	0.593375685615	0.393285621756
0.285760095909	0.467984004143	0.436203690268
0.396356392886	0.336547736948	0.539482101554
0.401653525514	0.475100612756	0.402661568879
0.305734891741	0.576757087419	0.367414782631
0.333874329497	0.465993284734	0.437075895354
0.394442251583	0.490024942556	0.316583547116
0.608723375661	0.469565200156	0.282133293828
0.422228051318	0.381192932119	0.432641328909
0.277935443134	0.265935092309	0.647060804899
0.342743291966	0.501554029796	0.400124153092
0.241366085839	0.397343584584	0.570292551836
0.351534444363	0.563360516368	0.320791806325
0.362966199665	0.455463951979	0.426531203168
0.293023106908	0.52544844731	0.411964651488
0.115597596798	0.723362800993	0.389180873748
0.4689581261	0.502274163056	0.337587895118
0.351897935993	0.531558357308	0.365646225881
0.649759844555	0.219880458316	0.533840999722
0.162451544162	0.499200097091	0.542092763923
0.253651685322	0.606748346866	0.359436404166
0.375793641403	0.602103164061	0.304377451405
0.616749248864	0.24421657268	0.456338514531
0.561869719371	0.351640939441	0.412661758991
0.21924463962	0.537249048962	0.456602516071
0.371848625506	0.540110418783	0.36316602581
0.312897000198	0.446144128075	0.47444881927
0.194335772812	0.477169190831	0.555274103117
0.267125673302	0.626144778482	0.346846063375
0.245997953509	0.2927286485	0.678149581166
0.393183952322	0.397355601257	0.4731882217
0.323845392407	0.524961123316	0.396828888907
0.383811628006	0.564029321338	0.325522254564
0.288611582913	0.578897502443	0.379949723314
0.559567438022	0.343132016061	0.398066896433
0.586271245096	0.42683801292	0.309133325217
0.248688420727	0.583627999918	0.348280064323
0.393646775561	0.348644276102	0.508278722647
0.285401747172	0.544343274337	0.323140975963
0.2538825309	0.402082029034	0.550689942578
0.332550396349	0.418252406461	0.478579170327
0.355606831515	0.427323449897	0.47247869096
0.336262995519	0.488071324563	0.422562475175
0.220618271354	0.607306623983	0.381321577332
0.385036574315	0.459544128856	0.429411814838
0.267682234829	0.297821124161	0.660524893327
0.424147733037	0.365868758284	0.479743296649
0.469409143393	0.491631306776	0.334010109097
0.541122234978	0.570835432086	0.232119014867
0.162554851577	0.319810592164	0.667960042336
0.28116772884	0.528943434147	0.405604135381
0.294080483102	0.5669583644	0.379736770906
0.469689925918	0.473359961096	0.357635707417
0.270912400976	0.409469729515	0.529811369248
0.424964514063	0.44495349662	0.388398341817
0.236445785815	0.556302503778	0.409808065706
0.273515642314	0.292752289059	0.614119706989
0.288688147329	0.501247137495	0.429607382563
0.195154696464	0.453579828149	0.474609824867
0.232120046275	0.30818320776	0.677003497174
0.356736663778	0.520848348683	0.390904319091
0.241802411651	0.570249680812	0.407399515524
0.189522768978	0.380345763551	0.609399282082
0.185003163476	0.358797406457	0.635567654103
0.388361475308	0.420951913041	0.472928769705
0.33014149552	0.587797593696	0.321118900976
0.39715984867	0.367442924997	0.486462563422
0.345872246969	0.527963213856	0.414756237291
0.351940288086	0.480327952899	0.424507021423
0.125783389835	0.467487602772	0.62246278741
0.288782595838	0.249283426979	0.705702221045
0.556642850246	0.548099619341	0.216583692764
0.489135062744	0.235024483902	0.627392259498
0.191878112977	0.589632256747	0.426629521182
0.18196268511	0.321325256936	0.683569558545
0.307198004609	0.462270231492	0.455579641358
0.208474823793	0.568143939618	0.420494670422
0.230254029194	0.513364870317	0.469292964278
0.319676653018	0.50029713858	0.436705940711
0.373441402057	0.422380979924	0.48311515663
0.342220065566	0.444630374694	0.43224064593
0.225272044996	0.396003218648	0.589481265389
0.1700635615	0.254804964162	0.758900766034
0.558861705663	0.347048161075	0.394944642051
0.32415282475	0.581805855681	0.346166343741
0.169029421342	0.477723558308	0.556170053308
0.322406973303	0.500227665262	0.391408901762
0.292453816145	0.452545398221	0.461699963702
0.242349966072	0.489165110907	0.47828630633
0.286817708328	0.587859846583	0.36236548566
0.280966514815	0.60301506895	0.362472906398
0.461355924499	0.513984838868	0.338316166345
0.415377740215	0.390541951129	0.414500841688
0.283952521616	0.420185435537	0.538754141805
0.318938398368	0.51310800692	0.406989712279
0.297808089863	0.515643025344	0.302383862369
0.184022426508	0.549536606174	0.444025646129
0.314737017091	0.502824102782	0.430676568986
0.279876562633	0.250853584554	0.704526830837
0.267417482	0.536547364316	0.433378559478
0.349122937525	0.580092917258	0.339489013144
0.148217858163	0.43676000102	0.603087066781
0.203267242303	0.352613013572	0.650042352299
0.204050568089	0.472613941614	0.470599536738
0.317786331336	0.540561534094	0.390125398216
0.299511599792	0.485534904052	0.449946159947
0.332805210291	0.464440366487	0.430854100775
0.307491350512	0.500743809078	0.420686772878
0.462119875853	0.31119712699	0.54273662228
0.213765118446	0.309995153512	0.691343852166
0.441739882942	0.311239159878	0.547302362312
0.328210569088	0.540067460428	0.385385022939
0.340431288934	0.585806176625	0.328881180514
0.387035754017	0.486332120587	0.370878733556
0.252670981661	0.624209948925	0.358236243846
0.258927376499	0.512903219778	0.445071354044
0.309727214858	0.421758216044	0.506201702534
0.600531290243	0.365423766777	0.349098679606
0.243234545925	0.462377810033	0.522928324578
0.239732630669	0.485659533596	0.49955290824
0.392350534706	0.572313173748	0.32413049912
0.294830498149	0.49711791952	0.469470375977
0.236927084853	0.249266662615	0.732005591614
0.032396630371	0.537776136426	0.651946793353
0.413246589822	0.385759995349	0.461338352465
0.315890618038	0.436012329922	0.487313424272
0.56221558611	0.469251887312	0.281147914262
0.364104879829	0.542907333758	0.337975629513
0.237429451162	0.580174825258	0.391263624193
0.258613873807	0.557052758878	0.418341849577
0.171218439253	0.405412454392	0.608264881623
0.319103874724	0.448616351169	0.473778296112
0.411717900305	0.509527768527	0.335450594662
0.254698393715	0.604355910791	0.360713412057
0.331707953709	0.559303921757	0.374175150935
0.576618966717	0.597509154353	0.141555292394
0.175541462425	0.381677761289	0.662049697566
0.294521348598	0.486671891874	0.458166500729
0.477133252287	0.426329108955	0.420688197016
0.360590693334	0.441047526249	0.427235063446
0.37128130607	0.378687797848	0.50837031244
0.500221417469	0.451800002664	0.372262170526
0.236531950168	0.529741359607	0.458774555096
0.19000693236	0.484288401313	0.542967952897
0.284420979294	0.217163382115	0.730276888165
0.215456741634	0.20766688846	0.790033377655
0.430311183731	0.339158691399	0.517552926637
0.228658724019	0.229041137539	0.754023016737
0.281243052728	0.601229600923	0.360914497606
0.528310267553	0.407091544293	0.37895767476
0.446772198043	0.380002465592	0.399499211112
0.107293055055	0.47055915112	0.593880553584
0.243651183902	0.470316440837	0.515512902159
0.315357595331	0.403759844139	0.479176697135
0.249336918106	0.397480671759	0.530331544567
0.218958438348	0.495184044408	0.479942370144
0.329260562976	0.430016349471	0.476922206412
0.263042147662	0.410188071955	0.553178911174
0.311686131697	0.509603546798	0.406636778589
0.365118734782	0.50037413186	0.409699789658
0.317600099674	0.509818359492	0.417899802729
0.627407162881	0.329285191915	0.34533682203
0.225589528625	0.253185651327	0.705675532261
0.352306091201	0.300380683326	0.595627366816
0.671198968568	0.472025655306	0.22977876325
0.507127412246	0.188277282895	0.609888086519
0.131723332642	0.295393299311	0.748929380917
0.27683252473	0.582644430001	0.362780278966
0.239752644565	0.265705081024	0.699355065603
0.400337137076	0.548320772255	0.284758709873
0.278723703989	0.509896892748	0.423699567653
0.260760304513	0.493486729253	0.448375280703
0.292803228669	0.449231031753	0.496108816958
0.270329306275	0.517829985953	0.423161661785
0.357100140138	0.503852634534	0.399339122334
0.406746825877	0.56645541987	0.29414440063
0.314361591585	0.474524387417	0.448945955144
0.213144366954	0.560268600093	0.436997178588
0.305198524571	0.579868579206	0.335451519208
0.362332393541	0.49076930943	0.387383689664
0.377228637254	0.558938560499	0.338613594798
0.257637284262	0.288801862873	0.658084531738
0.245208744662	0.589817192689	0.399324745597
0.326476263042	0.568396276314	0.345669641259
0.112411897007	0.284093308578	0.770303828645
0.296902926387	0.544555245045	0.38710441554
0.376188191646	0.529098976273	0.363586542652
0.310394273849	0.542165697639	0.39648766534
0.485433232684	0.507735190258	0.331197450175
0.700448073017	0.383750256707	0.251064853622
0.279472591684	0.375279160341	0.533770812074
0.275002319576	0.494745008757	0.463989177242
0.308554797209	0.255969019062	0.644638568816
0.405496197005	0.318298494266	0.528145786756
0.200006067276	0.373365435674	0.63795772012
0.448178400526	0.289947524743	0.524370803962
0.29711318039	0.528853000611	0.399888933364
0.333885935019	0.302061030219	0.640993748822
0.358186412308	0.617014110946	0.241972944012
0.31387535531	0.404017026019	0.528450283559
0.277961026468	0.628321101348	0.330000111055
0.303011243033	0.327438342242	0.601608865763
0.311684073157	0.511257068686	0.414254428064
0.331271895829	0.499595653945	0.416247441085
0.22152764156	0.348014416374	0.632036402867
0.327744244049	0.450287380942	0.474888177751
0.234227771945	0.531364243776	0.43327868466
0.36913443802	0.476044421404	0.414738438665
0.231791026218	0.268168955679	0.721954891062
0.330316313316	0.631316348832	0.298708194408
0.259599939552	0.570897629484	0.397351471113
0.279381174983	0.325627209175	0.616032876256
0.249632651981	0.462517065584	0.50868686485
0.346949367913	0.543290814794	0.376665519293
0.597146799611	0.43455069409	0.251786612736
0.475796699858	0.509769675023	0.337704960715
0.290598002248	0.25399331063	0.680588769779
0.408681516291	0.301219179141	0.568264424908
0.473007400114	0.327673134163	0.47021363681
0.336382804669	0.417892787488	0.50504916794
0.371412633491	0.415233459293	0.455560399423
0.42468392519	0.62215334393	0.257122796391
0.334435910364	0.310883240406	0.594232960828
0.223581991696	0.505459991736	0.480664557307
0.3930571605	0.199353948442	0.653163513418
0.255853168003	0.465496199043	0.450980952614
0.551795758474	0.415061402795	0.32057895184
0.216704838052	0.474415070165	0.516491566764
0.304714173066	0.618557469657	0.323253047657
0.485019223942	0.499303101297	0.285399742878
0.463238084408	0.442619869895	0.393737120516
0.237520954677	0.191307912402	0.781723940646
0.313159117429	0.551065501109	0.385216900171
0.308138272078	0.402722323203	0.510109222312
0.462330779719	0.380369847055	0.431201598019
0.25538892149	0.349057961407	0.628642555935
0.278596722497	0.570130061761	0.38509068084
0.289423575381	0.607386352274	0.351082149071
0.412209971677	0.462953519574	0.286293105519
0.283367144983	0.58687952794	0.362601672133
0.329883540219	0.260914628935	0.558499297828
0.236101755421	0.328907284488	0.643694637513
0.319602108201	0.522301480436	0.404242270504
0.485052153697	0.423123927136	0.360843168555
0.378586253793	0.348211007684	0.53103528262
0.165254598805	0.398906088553	0.648458352591
0.582304929393	0.341132247471	0.328928089539
0.445179296093	0.318565279979	0.527989888273
0.472673203462	0.524429016028	0.318378618722
0.665556472884	0.38962239888	0.25694273335
0.616671869171	0.408378623974	0.293062619668
0.314921682996	0.253318839025	0.679867697702
0.523386880083	0.462556410912	0.33192649655
0.351394043792	0.426025477063	0.463734311905
0.450189850146	0.463427892718	0.365444695761
0.23815297903	0.455938962911	0.527002490153
0.513085173819	0.522536924535	0.288820775908
0.0717369251113	0.83466197958	0.308672827372
0.318887594112	0.443505680549	0.461625004503
0.534536823211	0.466813547148	0.276824544736
0.327876337316	0.537332849592	0.393834210145
0.355321990403	0.5217338261	0.343073232183
0.364169317153	0.590832428764	0.322879813692
0.373234876898	0.376702653851	0.527491592294
0.356008587737	0.550664064827	0.36300557154
0.25752006741	0.513712698672	0.445636264218
0.0994647343467	0.771590959457	0.357682270886
0.584304522333	0.469381302673	0.296486676922
0.229274202752	0.239474833923	0.74956599785
0.219719252768	0.545224284943	0.442726326677
0.6126445363	0.240187256171	0.475882355589
0.193447653048	0.391669935792	0.571877135085
0.41256396838	0.41055472103	0.451794378641
0.210327926638	0.378153211392	0.610330488026
0.579411914325	0.62276485458	0.123389210785
0.356189233034	0.508932180045	0.361990934913
0.358949008227	0.453706841568	0.428971479123
0.159977322083	0.624653412362	0.415755748131
0.536439460184	0.385637538663	0.371420299581
0.296093735608	0.31708842651	0.622564416276
0.449423417288	0.536444142903	0.328750428373
0.294965558744	0.412644433536	0.518970530387
0.443620645628	0.475760667115	0.372478950958
0.385295697616	0.505465329115	0.386607271045
0.534295087688	0.303244901888	0.427606777645
0.142455783121	0.354003078848	0.69242689442
0.355099028975	0.478817858417	0.432694429512
0.376546679678	0.52999396286	0.363877656755
0.454326858174	0.618208476231	0.25082738585
0.35834754687	0.276905437951	0.59001121163
0.277079388366	0.457820511199	0.489475171884
0.449178116406	0.503705197759	0.357957023553
0.389488109113	0.470537231967	0.37634257792
0.226822722937	0.393880335754	0.594375893355
0.220567181571	0.491726400842	0.480452874967
0.265203521697	0.340460331608	0.611889502533
0.330436517412	0.423844858838	0.48003111116
0.252097300726	0.516686897931	0.449873305307
0.409233455053	0.446870318845	0.390067202605
0.14967338468	0.340232672779	0.690704323734
0.44175651317	0.526488044474	0.298566063879
0.230534959504	0.453149332898	0.528320177452
0.232862595116	0.283303241985	0.697027560571
0.384104941038	0.446806726899	0.403460100676
0.239510227688	0.398955828104	0.571877924665
0.220612776249	0.248929973851	0.739703766453
0.456372292513	0.301573188272	0.523402703031
0.173833035199	0.535335082461	0.506388171318
0.409798519709	0.363848571023	0.48526307575
0.52380352198	0.406796618593	0.365560356216
0.211215861138	0.413066128138	0.580817876616
0.115737895967	0.251161309341	0.801216868888
0.126442066101	0.172266421617	0.853567503799
0.285949463704	0.505773101115	0.440127083111
0.333847200683	0.509317113568	0.401727385894
0.449841942674	0.215054643994	0.656516434824
0.252974554258	0.375630158051	0.582716918895
0.262748884554	0.347027597276	0.628719322959
0.672366548833	0.27706073213	0.32405897292
0.369973006661	0.399923793263	0.479627391339
0.312987486808	0.495302271016	0.444535851189
0.331565084356	0.451262469746	0.451229408699
0.701078018316	0.295289820596	0.352461124584
0.497417857668	0.383807962823	0.377708592283
0.5434299764	0.460395276013	0.298012623486
0.28533904144	0.394831070728	0.533301928899
0.235192315612	0.276149203148	0.723160194043
0.333914316469	0.339024113857	0.404911496717
0.397496541809	0.473362022911	0.391041809261
0.246356455512	0.420097159278	0.55303988203
0.270611879998	0.406167876844	0.556886455079
0.146182574237	0.32454226599	0.708130575677
0.178591217059	0.23602245019	0.803729922465
0.345157936546	0.334437217381	0.529336485335
0.351919476808	0.267316304689	0.615428398799
0.343738289513	0.451197011431	0.471386717448
0.205565927283	0.474824217478	0.544773637445
0.222127064603	0.431738899849	0.550348534938
0.278813244776	0.409628201346	0.548016965286
0.262287040984	0.470780647127	0.484474569349
0.372608400884	0.362373571104	0.487833449512
0.284334476927	0.42320502339	0.498676510351
0.278030249776	0.382750832374	0.562270745151
0.40039559374	0.347113541825	0.486965737879
0.346115344674	0.480078420443	0.431140418121
0.317682223799	0.311638369803	0.586003010949
0.242010577648	0.387690779211	0.582609845917
0.236002094793	0.429962589089	0.565026598143
0.593702870768	0.336373835012	0.335834966189
0.413204036883	0.390174151305	0.453240668464
0.366166722754	0.447449016936	0.424274996474
0.232479268758	0.265965637156	0.718031945081
0.292632479277	0.427591544386	0.499378210629
0.251763896022	0.439531429056	0.533931039954
0.267764691917	0.492991951295	0.461735947717
0.336625981003	0.350692218489	0.560556337886
0.195351716159	0.233342692392	0.771819973409
0.318694640589	0.391355342583	0.537773173398
0.161549387081	0.336397348734	0.703412800636
0.0906357844337	0.318600471649	0.740024932492
0.463601694976	0.435116569087	0.399161515974
0.209003859801	0.376091648789	0.611110143032
0.299422235824	0.451708526388	0.495122096838
0.267588844451	0.466617107851	0.476105360682
0.192955227464	0.425664831106	0.48295726763
0.40460699953	0.459063359266	0.393974329679
0.443221432429	0.290830245642	0.521267143058
0.265414981268	0.286622046569	0.665158894712
0.329517411231	0.429823918669	0.475617671344
0.507869098864	0.38463907004	0.380392549275
0.235933553717	0.426485004466	0.556438720074
0.161406035423	0.316422239297	0.72833397494
0.21245562933	0.317610043906	0.677565491585
0.277049744405	0.230142504905	0.70335907582
0.203532012145	0.357983660938	0.632151578418
0.212781113662	0.468142823613	0.516524066247
0.284500936131	0.253561228597	0.679671714508
0.191617513358	0.297896581382	0.676784464035
0.350101829115	0.562303219639	0.310964573213
0.18561544138	0.436206598782	0.562263755902
0.2342442007	0.218533656406	0.786740140503
0.105439305863	0.423567831152	0.703723483539
0.242825174169	0.303208280181	0.663168698141
0.191659857646	0.584503553142	0.433718968987
0.265521236769	0.403886213737	0.539991193166
0.257917758446	0.131934300024	0.864737818526
0.55226909678	0.322338551947	0.380730794259
0.208656992158	0.509024677672	0.509767211644
0.164550227002	0.460682269908	0.573224289408
0.224175224252	0.443345542865	0.545083609966
0.314950107594	0.463380915943	0.456649331631
0.191091486347	0.278448073427	0.724743518249
0.34662298057	0.445744877896	0.450686587682
0.258925039739	0.364179337831	0.611721539465
0.333412760179	0.359878552731	0.540412821648
0.14091880517	0.467118448254	0.586736322687
0.255121315193	0.318332535559	0.62618055945
0.172124341572	0.353869150036	0.64261270622
0.279248132978	0.566260375762	0.386839710313
0.183452767244	0.389257964727	0.607169097782
0.32258086554	0.296215685406	0.59689860059
0.345165723881	0.155125877545	0.803682821399
0.229320948939	0.240309837707	0.751632647975
0.255757412796	0.306819902387	0.650457439569
0.316505686583	0.47413726815	0.36048615869
0.623343196613	0.232856464121	0.474350338472
0.233632586704	0.473026533518	0.509379585371
0.231339286305	0.398202593931	0.599483329438
0.273252748255	0.397597403578	0.565120309073
0.247546833256	0.454330954263	0.508589975069
0.173726023884	0.482189632179	0.499798246034
0.279387244844	0.459286461143	0.488103476824
0.23175996063	0.706857861006	0.265562183671
0.348370804907	0.524115453966	0.355993583254
0.242479468735	0.23046334528	0.727916494123
0.177935819714	0.415441852846	0.584908443279
0.202820173173	0.271077818956	0.742898876042
0.344592883408	0.273081874257	0.635965438176
0.504839194144	0.385832140072	0.384643192678
0.682187819829	0.120321924945	0.543613102202
0.372022525451	0.26727805362	0.638582795595
0.239892405659	0.599129098486	0.388287983387
0.254660118017	0.436062031923	0.540782902152
0.257996765479	0.524411340893	0.449355883452
0.412567519758	0.506849911735	0.348027694242
0.361491922424	0.563422670986	0.336386530357
0.247078126439	0.471402800703	0.503655134349
0.192404438041	0.575089713463	0.455805617938
0.223397891872	0.35025403745	0.614807863511
0.228475798447	0.487261351733	0.498669196939
0.330442120747	0.572512544528	0.354119156458
0.324345018952	0.539148496428	0.384357203665
0.641324436638	0.251708495658	0.390691791972
0.337237035152	0.398716976086	0.466160146291
0.212800579555	0.534553788953	0.452761963194
0.444192136396	0.36259603392	0.515259830382
0.233059377066	0.290387448885	0.690896791964
0.382633360798	0.395298077365	0.434071001963
0.357079902565	0.480159250331	0.404553267189
0.26813642928	0.338207568358	0.616959348445
0.220150897885	0.394774803387	0.558581990334
0.304422756344	0.405742002565	0.540824495466
0.252978693375	0.371288052718	0.602309020401
0.351206588949	0.484290939312	0.416820995636
0.426872641168	0.421279533989	0.386005743378
0.366523368565	0.439812026838	0.426878345395
0.340365156581	0.385328896989	0.511186503113
0.325682780184	0.598563809636	0.307249884124
0.321015881094	0.431888520757	0.475780283632
0.328172851735	0.486130220282	0.437574926936
0.529294812585	0.320735669283	0.468773444183
0.182058944512	0.445224387908	0.56584604397
0.327993114032	0.281067206453	0.650709726916
0.279224299048	0.515297042214	0.432472896742
0.355865652135	0.356578876987	0.539860043168
0.792514483907	0.169255023008	0.428927597152
0.557376743149	0.342381261459	0.389273265179
0.421549268769	0.479432566005	0.375733235991
0.326196177988	0.461647484571	0.460487673839
0.58320290968	0.340959985739	0.390728039585
0.384724940349	0.507175312598	0.390142467464
0.269808096564	0.614076730837	0.346697854425
0.373448744744	0.501585680819	0.388964033897
0.500827345239	0.51392934995	0.276511445729
0.282756272816	0.48178154063	0.465304782311
0.548365848264	0.372756219037	0.368785398368
0.440766274327	0.575027674924	0.28832907512
0.595729761725	0.384170850238	0.338099564727
0.459157730871	0.41391161272	0.377051445662
0.46153069246	0.434524615295	0.383278392928
0.469672451276	0.553053172538	0.281144674471
0.538699466012	0.435317444692	0.333784732462
0.299872900215	0.333251252888	0.608073105592
0.407247693759	0.567564167503	0.312843417454
0.192893265013	0.354987394628	0.633172024523
0.631619489965	0.259793389869	0.409009454862
0.491643074556	0.458212614723	0.347026455359
0.508782437027	0.262910215575	0.549974361729
0.50545247505	0.441599006201	0.309697253491
0.352169657052	0.457734772188	0.444326728765
0.652972189244	0.378407109004	0.329677838368
0.602816315363	0.289448597059	0.397518126781
0.254399031333	0.400924185963	0.552474326234
0.150481513548	0.452462401864	0.563704112159
0.376208354272	0.451788476908	0.435713140548
0.202737443093	0.499784162758	0.486884062301
0.375631562582	0.321606750022	0.550649732137
0.413258464059	0.483638470922	0.373422353365
0.394286982785	0.417046487927	0.344808895097
0.26983355303	0.365739024055	0.594783932039
0.193904462254	0.282831630938	0.71878234033
0.485965176909	0.227207865622	0.599459925463
0.407757885082	0.293406166339	0.555431687499
0.38222444366	0.23939764486	0.651208325456
0.264591563237	0.4202867999	0.52744440521
0.219242157188	0.469631154045	0.505600248683
0.358080886852	0.483612330389	0.421690288967
0.478417506262	0.493869733655	0.200281975417
0.252297889312	0.379961029951	0.576755016449
0.415526601433	0.532197810672	0.323870780554
0.515386286318	0.482707891786	0.309718196753
0.530069805092	0.393322105617	0.363603448314
0.609145667876	0.266342451616	0.394890637921
0.436624624441	0.34300043355	0.476012219464
0.273403573132	0.297634852074	0.660842285313
0.754373275982	0.321227974585	0.193323089575
0.688718262936	0.218666305606	0.408301440632
0.497710905666	0.503838793701	0.313925563056
0.487323593568	0.41083043039	0.40728612289
0.300578499403	0.46555026871	0.469523771691
0.395392399435	0.487880658911	0.385240648759
0.203153538668	0.384567042996	0.589727138374
0.461028244279	0.436944220064	0.391138693879
0.502353250512	0.478385315573	0.340218723133
0.393088494981	0.507646685477	0.387553951958
0.3090595	0.410200239735	0.506624103051
0.278875134242	0.450143569783	0.488991842405
0.418293100495	0.431309321108	0.38122348221
0.239581284669	0.465501296112	0.506863938023
0.322258343404	0.452686923652	0.460575845851
0.478241635304	0.358456551033	0.43585739699
0.281857333466	0.347254553079	0.628885588873
0.432270185175	0.379234415506	0.433566301509
0.234177680234	0.29555546561	0.689179113841
0.278662007395	0.481140579465	0.482013042272
0.372821345148	0.17298339734	0.745085356982
0.222979912602	0.280566950661	0.705612141388
0.241513293046	0.320632492228	0.643095551647
0.235528031816	0.314446659255	0.652480034983
0.29322221791	0.229173723325	0.705829858024
0.402785223973	0.62750735007	0.273401342909
0.240486804328	0.418323150267	0.536852640362
0.326518041521	0.378880692113	0.543705404401
0.191603766224	0.186075764547	0.826335987438
0.222987423505	0.238088169087	0.748745578844
0.3112260678	0.43328992632	0.505614736231
0.263279019898	0.29178727631	0.680681619322
0.306659602543	0.313549450581	0.616150427766
0.197426442975	0.314416583607	0.685694784841
0.148487517642	0.389719484115	0.65828169532
0.391844633824	0.464909880729	0.394021694463
0.173652145666	0.14163247351	0.862839972418
0.353894423547	0.478242482999	0.419155799834
0.190278867417	0.32216571378	0.676955139996
0.191864435307	0.437603752268	0.580991924367
0.229548871807	0.297102254246	0.689252628411
0.191793843122	0.372743431628	0.629013816652
0.231770980916	0.235078693005	0.752236852473
0.206733206908	0.201841074029	0.798331814874
0.715796417429	0.369784042725	0.264806136473
0.379268594658	0.34011392609	0.536602582108
0.173854463997	0.38442229992	0.625255790299
0.264869393513	0.44518107181	0.505584956258
0.269371507049	0.164591789343	0.82889662404
0.176761190274	0.182219935763	0.812796471739
0.739444277094	0.249190131257	0.328528561869
0.237816190577	0.300886636743	0.683111275626
0.298725192151	0.352824778479	0.58311976224
0.228659536919	0.393870765425	0.58372370794
0.409680623895	0.243154752605	0.606239991851
0.412433318865	0.47474670146	0.381611674254
0.307761045553	0.370307814051	0.543220671079
0.0793976017524	0.489274662739	0.632539094574
0.324450485016	0.443894596602	0.449421275404
0.204154612277	0.215404336335	0.766030793007
0.159620893891	0.25245642381	0.77831865233
0.218137787203	0.397139794992	0.581071744091
0.306674544146	0.409189980954	0.510680647047
0.633046324503	0.385271441899	0.212656878201
0.229757780506	0.371206925624	0.605025048508
0.209553852817	0.320836460743	0.659612450033
0.23861555534	0.318744905124	0.655811829409
0.352461357035	0.529345192885	0.390484436584
0.237445936416	0.283007674354	0.690629704289
0.484868258075	0.211267410147	0.548479451377
0.106756826742	0.181157874642	0.869340567357
0.249595425577	0.52368131363	0.45281722402
0.186952082371	0.229893786766	0.784222708447
0.287332567285	0.385449035408	0.540174468565
0.179443072197	0.365689923006	0.65224490602
0.341000248723	0.420303394524	0.466019573529
0.237556415058	0.213699594139	0.758991139072
0.299732943523	0.294666408682	0.65460311623
0.0607533351787	0.257342730032	0.832567430006
0.307481344686	0.417057071296	0.512730269422
0.246543951661	0.253323858389	0.722255282423
0.16881342903	0.241042785097	0.770424692339
0.177090442107	0.322038778918	0.699366137346
0.193531253118	0.364671616097	0.634960304339
0.0852860762514	0.29014621187	0.75398958914
0.458119924414	0.46179336363	0.345724401525
0.180847196864	0.434014955708	0.549330185436
0.466742552319	0.31101799144	0.524235930002
0.224740498229	0.283668456223	0.717238343581
0.214898188715	0.37929812425	0.590780377692
0.244005261107	0.273977578904	0.699010513901
0.377292874533	0.310110459463	0.58623054204
0.427478871715	0.384215604027	0.398884509208
0.201383148042	0.272412339752	0.705457034478
0.170262039674	0.282485467223	0.72121195164
0.232367805472	0.144780391202	0.838580997058
0.27671241037	0.514394464961	0.4493482084
0.31205809844	0.614161483331	0.329809679606
0.256076922842	0.459021522644	0.501392705933
0.200561218649	0.40636129302	0.608681489143
0.239711481504	0.298182296469	0.672359743696
0.252175830665	0.538956019428	0.423455972563
0.418695242566	0.563628542916	0.255203913758
0.167832087498	0.534783289112	0.49896279455
0.592813141919	0.415524534276	0.300009145629
0.313177282763	0.290690328213	0.634847346376
0.530444990467	0.284829410865	0.4961658442
0.119982840045	0.252865981046	0.814243727562
0.400060974082	0.412562905616	0.462086660229
0.116408634599	0.418053357006	0.646230666551
0.186542974403	0.347403257958	0.655936270855
0.184548183018	0.625527123234	0.400021836249
0.13001453875	0.331760342789	0.709054096999
0.210292804551	0.618643552374	0.364783251279
0.302103866524	0.498293311175	0.433663519709
0.28692657442	0.518802576365	0.373883572251
0.419870170251	0.487075070835	0.357194353508
0.192721069592	0.25793457671	0.756582839133
0.212397699308	0.709698284433	0.285739065796
0.493953712906	0.506931903353	0.320064910301
0.225710920783	0.607498839542	0.356150233599
0.157858888416	0.415628465082	0.595316080703
0.311560684196	0.598052308895	0.328373336831
0.604835327824	0.240897032196	0.481308575562
0.25065728707	0.399755026881	0.580844632823
0.371609487936	0.473505744991	0.425374473673
0.333008734152	0.560842685763	0.340049382284
0.242437924739	0.407905408233	0.575849626194
0.187170483353	0.655136836982	0.370178883616
0.206394478015	0.284517200699	0.69263639384
0.207983783556	0.499624647624	0.503468590191
0.301620739366	0.352138489789	0.578958596802
0.268008399543	0.535352926313	0.425475473915
0.25296243227	0.362976688488	0.597807739963
0.207116696911	0.2932124972	0.719237934563
0.507659977696	0.520298848166	0.28523087702
0.291252650585	0.311447338914	0.630177375924
0.552740473702	0.394998102351	0.367214292876
0.213949927706	0.4191582382	0.579467126145
0.311595237302	0.529049232326	0.396072250795
0.278907678564	0.455831524532	0.497441870344
0.227637943318	0.293592902244	0.696134447757
0.192475835037	0.521649383821	0.471298476321
0.303090093499	0.21641023372	0.737479537832
0.255485434992	0.441820471411	0.521476665401
0.247208066463	0.317488224315	0.637665392877
0.330612051515	0.531157332593	0.400194656435
0.327041493942	0.255386709894	0.652204901005
0.531825082766	0.337370591007	0.433472634765
0.213145852003	0.506214263635	0.385398945563
0.550030763048	0.351338599283	0.366220784985
0.399485426127	0.514417437398	0.342065938893
0.626342072118	0.348823781789	0.336977701676
0.437695327046	0.355798534016	0.485051335018
0.240071412352	0.270759942553	0.726858621903
0.310462627035	0.460952836035	0.445802710686
0.257444605025	0.569291041323	0.388811951829
0.179115482003	0.539823323346	0.469851241333
0.301734940834	0.468982566371	0.353425008766
0.266487734451	0.459468346679	0.497779902732
0.478123704899	0.403791661365	0.411339207526
0.576593020002	0.378787235836	0.378062448669
0.333329434397	0.463322882588	0.440897518992
0.387900004254	0.299443150935	0.542481152564
0.24183387018	0.23151023094	0.774403514543
0.275385966053	0.382397028788	0.571650739777
0.669011402709	0.344883935711	0.295744942361
0.421583304761	0.483884534259	0.347046165743
0.236927342693	0.496948998248	0.477614829128
0.404446033802	0.488441144548	0.352784992124
0.329587537115	0.393554252475	0.524290132711
0.448360888679	0.355288477089	0.481338760337
0.566913313089	0.238085815977	0.583917587519
0.489453834431	0.538742067089	0.182322507249
0.4149128825	0.338771283782	0.507634018649
0.295194088115	0.43682579431	0.46154716285
0.226211733457	0.488340690765	0.491523445889
0.258904792593	0.430443407166	0.527079979199
0.28228491777	0.755971141978	0.166599632221
0.251454854471	0.62515016454	0.338590131273
0.214829248544	0.501126733177	0.481034732925
0.521426328131	0.439721918204	0.326679939363
0.280866824605	0.622208691586	0.304937375233
0.263261464195	0.294636210571	0.644342133918
0.290941854014	0.402345034628	0.534876953645
0.0673145486227	0.631282037123	0.479428422266
0.27929260153	0.307010363263	0.653492501534
0.275320310741	0.514028137584	0.403144504388
0.35998054236	0.41674947628	0.434810362797
0.434595208909	0.4915751913	0.335540124385
0.423621848382	0.323098070513	0.392526498604
0.269066506807	0.500402794291	0.457697095125
0.264349500777	0.270840076462	0.691856752839
0.4918015027	0.397133644456	0.307599492646
0.448191008519	0.239868896679	0.650257338606
0.326877565724	0.538407885865	0.361404467256
0.592175516454	0.340494181712	0.350122652727
0.169621956303	0.34782540608	0.661447157563
0.330391749824	0.531447960052	0.379337454824
0.338972774039	0.645645382572	0.258222264085
0.430672119177	0.500170873874	0.340076233048
0.219811127171	0.391896644672	0.587730094057
0.361242344139	0.601446301663	0.306517756979
0.693417424971	0.350948791972	0.268288822127
0.440835233959	0.257328397517	0.51467369399
0.24420692538	0.484949171643	0.496284603209
0.552882686628	0.308136675512	0.448355346656
0.266269410399	0.46409462139	0.483162672339
0.559062832423	0.393488705361	0.35221503974
0.226284773953	0.315621782031	0.667525531944
0.39941375906	0.567421231985	0.301603883094
0.327286623289	0.505939347868	0.41347161858
0.441164575042	0.415050776235	0.4000236045
0.487083454802	0.378963483777	0.398715783792
0.597868722862	0.366564352089	0.404817718663
0.582203709636	0.494794644521	0.258608412119
0.350253241306	0.671062712733	0.238145998571
0.314325971741	0.443180938476	0.469131579303
0.46448755264	0.497222738356	0.349789176364
0.222801559902	0.303480348046	0.64151726175
0.211316080792	0.487025135942	0.526372239238
0.316177997398	0.348171873617	0.570699925838
0.229351112202	0.357469633676	0.638843543356
0.240281581337	0.257676304638	0.71530166552
0.278470728136	0.291050969681	0.654608534099
0.291709664184	0.350377911662	0.617796071999
0.372674342576	0.418705528346	0.471693822759
0.351776102998	0.622471704876	0.276175189468
0.358248251461	0.42511034442	0.43909807095
0.486301764458	0.402559644716	0.394957087561
0.181809744197	0.491954346459	0.528707777069
0.225504974557	0.346356058204	0.658483066138
0.30835989262	0.239546584819	0.692867813283
0.383504968292	0.428776230179	0.467701335889
0.306259575189	0.441046793194	0.486222466873
0.668132930703	0.268862639685	0.405033209451
0.404740394279	0.515801462619	0.372928380062
0.249017353996	0.305597532521	0.65532840837
0.461382084751	0.234708137823	0.582497200575
0.269695937342	0.39012835983	0.570081110522
0.44010244196	0.540186291252	0.293470020386
0.24686453658	0.387004957129	0.558500723958
0.607740456522	0.345591408495	0.414086049651
0.45625216234	0.606196736677	0.237078208626
0.219746141879	0.598197343236	0.384958978075
0.486756714218	0.551594811547	0.259580361369
0.290403021245	0.465406919765	0.461871999577
0.527757554876	0.60727059584	0.173467507025
0.270712262528	0.539622306722	0.429919810945
0.434508545352	0.471443390282	0.376803325036
0.224566580783	0.537730528281	0.449345344657
0.565477864765	0.246450421898	0.451856439137
0.345226128561	0.462730962212	0.442583070852
0.304752356271	0.478962611347	0.462618723416
0.38602738569	0.445312864958	0.446366749685
0.501379751681	0.347497806608	0.423298529132
0.627834180774	0.343404393455	0.363103425939
0.362032545968	0.51639184205	0.365858806415
0.386568047975	0.422392096165	0.460055807708
0.311789549726	0.397989331939	0.539295978369
0.29146527344	0.500513296782	0.441029131012
0.333948249172	0.16068492467	0.785127488694
0.300355754706	0.346238015751	0.597923469882
0.676882948424	0.241056280909	0.403269842305
0.197730842944	0.409549654692	0.594966905968
0.270905579706	0.343817206577	0.615295663865
0.258015159993	0.595103108269	0.363535043104
0.271673566256	0.320881263074	0.627682157389
0.37086074733	0.397480386102	0.492193518343
0.461610399471	0.347961268213	0.432456115159
0.402908110632	0.381452881884	0.468574723513
0.364576744667	0.523919658056	0.380820172214
0.308395899507	0.455559515346	0.468272054379
0.289792348414	0.560263208453	0.389712411931
0.341957688312	0.50087717947	0.385773599003
0.239019250875	0.482918998836	0.493970382732
0.342449428087	0.457309183931	0.44824034144
0.333713958188	0.408347774968	0.483604146696
0.419972639937	0.475347651908	0.354245774748
0.330343821828	0.592349833542	0.332841199856
0.295102104482	0.271764923379	0.676957641186
0.335854066295	0.604854451525	0.267489928005
0.258220601619	0.421045791069	0.52483063467
0.538389370876	0.431738244772	0.357023350617
0.321194931029	0.567458213685	0.366580944784
0.281903400447	0.286295929852	0.67420384358
0.337396177078	0.49431848037	0.413953858273
0.449604610805	0.409680289974	0.356741975847
0.234798141334	0.508514672841	0.463174757004
0.507718072451	0.540620803985	0.277588033782
0.225664109221	0.647054049111	0.339054629873
0.411286098874	0.296777310212	0.551510329222
0.658663887116	0.420822529481	0.297167737065
0.397108079054	0.476247536894	0.380521224918
0.483361690697	0.516103081636	0.321217710523
0.328379126551	0.549244956067	0.369293253377
0.596451455299	0.369769257716	0.33323052865
0.399954422949	0.292165050819	0.567891603339
0.532662777952	0.546336665079	0.259985031107
0.723463871562	0.146485175599	0.542848994531
0.618360716534	0.417871262214	0.188100732507
0.43522314799	0.440140881098	0.394111573377
0.53624169084	0.461170421146	0.320416885184
0.558874791689	0.330493301057	0.429928085322
0.407780056052	0.494806969729	0.370735229606
0.55052685118	0.468856759626	0.327087627145
0.410983630177	0.454149563958	0.399453663257
0.425450055959	0.506362578317	0.355930059069
0.485107249857	0.513836425286	0.320758678165
0.635549144904	0.533069822024	0.188565597165
0.498620990116	0.506065218385	0.308952910755
0.528996927818	0.392750782468	0.381635739932
0.350336451225	0.562435419821	0.341729485866
0.494129117726	0.47055573654	0.245804329899
0.636986431456	0.393371515712	0.18798429038
0.226074637535	0.479578154209	0.480848947403
0.207003941896	0.386620806704	0.62101662237
0.710350405788	0.255540827219	0.406770495353
0.286373612856	0.559085544783	0.383330243583
0.660768028289	0.603127733439	0.100093922739
0.429898134225	0.484089388106	0.370372663839
0.598670977142	0.448531873475	0.2785265526
0.27816813177	0.451962731399	0.408132218638
0.463734078168	0.619040981914	0.143506240014
0.339096829057	0.453586725645	0.459082742619
0.379427954512	0.506880433634	0.343619840278
0.576673565038	0.270578155098	0.456801307634
0.607570803319	0.563722329539	0.204741185608
0.538957316503	0.476822248484	0.293691063417
0.780235588342	0.180349010887	0.334917876096
0.296667105762	0.63549567124	0.294506340943
0.488259059364	0.506033895715	0.183569650947
0.587120221243	0.470065492414	0.26696187592
0.316286308288	0.485029808561	0.382038149952
0.587090973215	0.444369808335	0.254445540297
0.674032742971	0.320372669151	0.243789011582
0.433422957026	0.479413882679	0.348475898885
0.489783846723	0.363166380126	0.451283765059
0.378428819321	0.504834197435	0.35458045139
0.590000067219	0.452521675293	0.292491767471
0.373878943941	0.545829947923	0.330841141849
0.443782582636	0.481545196128	0.363830828146
0.322042984506	0.461792356308	0.351034392829
0.494207987772	0.255504085513	0.537156949237
0.457466189226	0.527137475449	0.282147054752
0.482130129507	0.405408615093	0.316610609924
0.324839901448	0.361400289109	0.552382719392
0.445351327056	0.458350150173	0.284892689613
0.527022369558	0.362177677519	0.387754153824
0.376974274138	0.640962961842	0.243366021446
0.408417584619	0.364855316004	0.482254216813
0.274529290852	0.468512380412	0.47414764832
0.389102030365	0.531027100181	0.346528772644
0.630319859709	0.423537202062	0.17258864298
0.178496147511	0.478006812296	0.49652678147
0.537229947078	0.491342251412	0.269114172487
0.261430020323	0.457944999494	0.508220584034
0.490411510649	0.447000301466	0.372102825386
0.786252449075	0.272213600941	0.196287731504
0.682661426863	0.402396180971	0.220063343331
0.797830755483	0.349881171244	0.166080143871
0.648166164605	0.442801051073	0.175309694758
0.362006968102	0.547549836287	0.343115349813
0.336100954685	0.549809820613	0.355913574577
0.390311881058	0.597233231942	0.270982768493
0.50661320638	0.551114770107	0.276827467058
0.55577702167	0.472966579056	0.305134872827
0.851637142513	0.191941408869	0.235600667409
0.487490230501	0.483488858105	0.319783667603
0.533845459333	0.262398240383	0.508030921014
0.544119138485	0.457711924863	0.269205708714
0.583397016721	0.472107888447	0.256667127009
0.337911028935	0.428005673705	0.431999289979
0.348306738369	0.449062877853	0.456869059134
0.522774062844	0.612120134956	0.203301468307
0.471241124144	0.422021103177	0.394926335577
0.853918342263	0.288643675439	0.224633449799
0.842494098499	0.280190281775	0.195694225892
0.451881023458	0.290736516686	0.550120330724
0.553495367428	0.564129443554	0.205161393603
0.147802771848	0.320787238511	0.709729349332
0.536640826285	0.457733790458	0.315980438697
0.354572641686	0.400583657149	0.339474798602
0.722013031574	0.399729894505	0.250790120132
0.249460541019	0.22192462213	0.75550864334
0.349186310615	0.514046949859	0.382888626213
0.328821913458	0.552127212834	0.325846790386
0.390058358101	0.476607667914	0.385200846954
0.253336531689	0.447987253949	0.510519054567
0.271681668221	0.559156861108	0.394294667319
0.451000028192	0.413305465568	0.393978752119
0.544330338045	0.466836578493	0.306100222082
0.354418231203	0.634482304372	0.270122017975
0.246354133613	0.375565903897	0.600400674665
0.242354924904	0.623266494054	0.342694044215
0.356376401963	0.419187499026	0.479757277143
0.229998642525	0.267480018208	0.732415065688
0.296881271189	0.510507566417	0.424408772465
0.307429938427	0.449706494409	0.448134533002
0.167682399047	0.21213265158	0.799129737034
0.380729392449	0.373353286615	0.469564506895
0.362660486718	0.15831180766	0.766752037375
0.246115613409	0.505694222005	0.462473543058
0.257113747151	0.250125843386	0.58793001186
0.357108247962	0.459715701815	0.437961658195
0.21213994678	0.505384948277	0.50351032009
0.494988655352	0.597243270421	0.228417658452
0.309795266707	0.506632094811	0.427245293138
0.607558881345	0.410866255768	0.327307465201
0.197681297863	0.332379455163	0.69286854412
0.394961197334	0.569109032814	0.210952061572
0.625697254359	0.461232669422	0.244233511291
0.248064721058	0.353572461001	0.607181300929
0.253173956302	0.390932398147	0.585988479551
0.19146269773	0.510669235497	0.501732024744
0.351356282341	0.432002837313	0.43290761712
0.144896109634	0.271693805405	0.765113917079
0.595948663757	0.28978704367	0.380254206424
0.278477047215	0.491777880533	0.446856327404
0.246089038119	0.561862891565	0.42238934623
0.592220639958	0.273164328328	0.440885268836
0.521443259401	0.37537701089	0.406583597909
0.404306137964	0.481243560882	0.403321019006
0.141610319887	0.305196085394	0.748734096618
0.255199314969	0.31397325672	0.656818260209
0.26693834269	0.378362878467	0.57854886207
0.490786115281	0.201666863189	0.580233123765
0.624447637362	0.504111572265	0.150194656023
0.309473488477	0.637412126254	0.247636557991
0.298275273488	0.488689068725	0.462882433052
0.214470126191	0.28759110602	0.695154893575
0.333612693668	0.549026492501	0.382056922578
0.77438498801	0.153982499249	0.307185867372
0.527892566802	0.492883940994	0.292999400154
0.305293570757	0.495237579833	0.434020410705
0.45920342023	0.413076109128	0.385313627258
0.644681663658	0.472394378432	0.231178726172
0.257634391242	0.19598095945	0.763135573937
0.263914641237	0.410660717055	0.546636239769
0.444754923233	0.237959954651	0.638637415225
0.332035034695	0.275409543075	0.6244611062
0.480310975178	0.310797561274	0.471262582999
0.603663129106	0.462827066076	0.216192641806
0.464350820626	0.37016274756	0.390350648162
0.312915445453	0.566808660528	0.388239622021
0.250523055254	0.567435570408	0.410432910962
0.340470297626	0.306028463319	0.59939419132
0.483053884114	0.435679586304	0.35461301369
0.249994843561	0.343771905154	0.616587299718
0.657775369567	0.231573955688	0.420623368355
0.427774786402	0.460973320612	0.384366666379
0.406643101045	0.280681709669	0.599523666401
0.571433543311	0.460459198238	0.293725515312
0.323799267125	0.568508250401	0.361479636706
0.375359122809	0.341705376996	0.531504784263
0.322981451964	0.535671928653	0.396457580208
0.495971181546	0.438837388107	0.345144245021
0.458680563299	0.479992347887	0.309658792081
0.485267560214	0.279423782403	0.436732004031
0.366052612184	0.437898287743	0.45426054269
0.367015448252	0.365276473045	0.510279999387
0.378742184524	0.570295889241	0.32941574737
0.248473864301	0.374246659284	0.58848177499
0.492969117255	0.430068463677	0.381616230988
0.437136431535	0.263868222062	0.583271948927
0.410825902124	0.470520095079	0.357255978726
0.411516262489	0.430894968948	0.383875112407
0.26154419471	0.63948315223	0.319274870112
0.316841179516	0.655880224574	0.226096111643
0.357862811981	0.609961920096	0.292924898862
0.24911277595	0.575270364985	0.388004334888
0.587612735928	0.518044574294	0.253215721741
0.522526179443	0.224438850749	0.520678764649
0.723425657084	0.205326750976	0.408018855892
0.454424713067	0.576098519932	0.188072501911
0.382411408853	0.279015151211	0.632194549519
0.764875541954	0.513433245525	0.11506090922
0.427661762441	0.574562827632	0.281724467824
0.373122362752	0.56032968199	0.314556234038
0.344629539473	0.479494799325	0.441419976514
0.410706046149	0.554343937763	0.332701994554
0.442842721037	0.542840853801	0.299076077719
0.41508135569	0.600549514215	0.253849067217
0.278476136615	0.553261511615	0.330249296515
0.284790663093	0.403083329191	0.457156920953
0.380779003814	0.684486864546	0.222184008301
0.417537982837	0.517701154011	0.327325713815
0.561179199481	0.459358901786	0.306655452945
0.23634611744	0.24682745758	0.748687561507
0.288725119873	0.769741662358	0.189874246527
0.318233745065	0.599087957368	0.332187026835
0.433627934689	0.544251359434	0.323591511867
0.382296114709	0.41009182701	0.420491164182
0.283714002022	0.550231963745	0.376005767834
0.3670876774	0.522773270432	0.355777163152
0.327312496996	0.498581980418	0.401884868745
0.346650277949	0.516057650486	0.376626987379
0.439150255457	0.49954139497	0.290980193853
0.46619593486	0.466895096755	0.313758766387
0.351715739506	0.58901039928	0.29754174105
0.584766661857	0.449259103257	0.299986135139
0.56445086983	0.342666992131	0.397171018127
0.589615996606	0.522375968461	0.230734140688
0.593987399398	0.521555709859	0.245677299374
0.466335862331	0.444960203857	0.366703321662
0.427342774206	0.608255224685	0.222594904506
0.459382800236	0.441114491939	0.307893478249
0.463046333671	0.49148058097	0.349458631848
0.564280876638	0.502947017863	0.201746667948
0.340229218229	0.402129917469	0.486042105062
0.327157267512	0.531771025652	0.378436388687
0.603656752988	0.217603235021	0.384990012173
0.410921611349	0.260252217066	0.625646689671
0.501551668973	0.417511192483	0.341214648609
0.509507905395	0.415045352942	0.379851487755
0.35051328592	0.606464434264	0.229610359327
0.351697908593	0.444581750292	0.417510314279
0.482566204035	0.598345477124	0.195605105065
0.414505470065	0.417948915854	0.434697435643
0.423634510358	0.427104264061	0.372489303513
0.488570510012	0.435105354947	0.367716754234
0.582761492037	0.415449881727	0.302478647272
0.392288807639	0.355803603617	0.531115379238
0.268790006508	0.600418309937	0.328950035643
0.311042948553	0.521238084927	0.409107182626
0.253457442297	0.44595603341	0.421259752336
0.178153155897	0.692048330787	0.294017166441
0.305888181167	0.561315498471	0.376350082097
0.612625861003	0.341680298041	0.336889937026
0.245892243229	0.519560236828	0.47353206854
0.456822839557	0.501711194304	0.344069265339
0.43994602349	0.533567632252	0.314026764878
0.402266384836	0.533213116438	0.334734384004
0.314083164581	0.553696126627	0.364871986716
0.443666816673	0.487309436084	0.322336950916
0.232401993471	0.26087719301	0.70584776213
0.393290142252	0.460154459379	0.376082399969
0.511074870758	0.469298381634	0.291387930899
0.342902047682	0.526339028227	0.384855218143
0.580453411868	0.424939830224	0.310558579882
0.413559536445	0.460632449299	0.264740363639
0.559047377361	0.37047601566	0.331509524926
0.311088684415	0.450426633381	0.446019481414
0.573490389279	0.577672065362	0.210888556239
0.257782015502	0.53513185599	0.42645767942
0.525866841245	0.442498325196	0.346375146449
0.399366036538	0.559207473805	0.326895244778
0.232607472804	0.713218784343	0.183845911069
0.318509351408	0.55867523155	0.351699455847
0.43491226785	0.49611192031	0.358879333108
0.306486853159	0.443017137342	0.46977358572
0.270967527083	0.48761619814	0.444162444826
0.338899117176	0.550810437299	0.346877417547
0.405011384106	0.347131019235	0.478002502706
0.572404164595	0.379713087076	0.37825060115
0.375821883834	0.437639868675	0.427581139242
0.406348313755	0.482308548139	0.397778462418
0.374695923747	0.508520261978	0.363426689237
0.674627661049	0.396748434652	0.290337968841
0.454500112088	0.490868645688	0.326856113999
0.337321951662	0.574372517215	0.335687947961
0.492500556093	0.36411600398	0.424169566019
0.388752572229	0.241459642415	0.562735974658
0.308093805626	0.460399090308	0.482088604151
0.294131413663	0.480219818872	0.447091205718
0.553519123288	0.374840096301	0.37871100277
0.350232807652	0.512695663015	0.384638474386
0.285391094735	0.494184559055	0.457176998231
0.366277735775	0.484638408296	0.416523415853
0.362223616489	0.489900500955	0.310833628482
0.334664973184	0.589310848521	0.331180886561
0.219725936543	0.537396158659	0.457315874574
0.355769215855	0.44945635333	0.434576694878
0.59312166032	0.479636025211	0.251615448759
0.440562300192	0.428573235432	0.429132162219
0.424372645737	0.330961682185	0.384766047309
0.55669573764	0.456332402641	0.325809208943
0.69558694678	0.347687871574	0.289106722137
0.723431749062	0.393575243141	0.17795004342
0.40424676421	0.391642210341	0.46283462971
0.249221985668	0.272190737582	0.719132661887
0.264443764351	0.294980496167	0.684895543728
0.468098463533	0.539188608277	0.249374466362
0.358304087216	0.418246984225	0.471016831423
0.349127216251	0.634042361409	0.280796003649
0.436169240649	0.290578203278	0.537786541264
0.204976319861	0.550026329911	0.471695633469
0.678636293517	0.374586736331	0.226570943502
0.679392747895	0.390231835456	0.275177900047
0.373018470922	0.372818171397	0.499635040207
0.148837804637	0.465106569922	0.554026578562
0.548095345184	0.484566350961	0.256599005336
0.282488412416	0.451409851476	0.496689898259
0.707086576532	0.27900191378	0.240775747715
0.328379126551	0.549244956067	0.369293253377
0.615586322645	0.454313754833	0.204736165621
0.287302885594	0.42769651285	0.505632293441
0.401407867979	0.46931470028	0.38943570648
0.538425800631	0.512180675019	0.265181768317
0.367077835949	0.495764894444	0.377655019916
0.291405532379	0.519288012667	0.400593759093
0.498620990116	0.506065218385	0.308952910755
0.313203621045	0.616361611188	0.320313308707
0.487100148602	0.508478168777	0.313160480037
0.573715673009	0.475800395024	0.307485304557
0.384294370104	0.48380915906	0.388002548256
0.600131809775	0.385042958585	0.338985530701
0.532158322313	0.432145804589	0.303866765125
0.472723900055	0.506550951788	0.252184427871
0.228114836799	0.490737770261	0.489311362299
0.667431865709	0.382076746895	0.292031527136
0.360522245234	0.563120313442	0.339776096509
0.25989903701	0.420222959002	0.556881722511
0.315217246582	0.527795969324	0.365056050651
0.649784310493	0.512009922369	0.164986189456
0.438275012999	0.381729124293	0.372361286325
0.420999960886	0.663362327658	0.217961676916
0.768492761409	0.291941940372	0.212192085558
0.362412062783	0.566605077189	0.307754403016
0.670740716422	0.362016561512	0.248220694696
0.372787914873	0.522579374483	0.356393206607
0.268784846707	0.61024935919	0.345350043547
0.814422035384	0.287952756857	0.227044388019
0.293999838797	0.298106720233	0.625779619603
0.40647466638	0.466161430193	0.38546203001
0.554579899462	0.377087026755	0.373373901889
0.494505180779	0.524777138952	0.288894407944
0.491398196541	0.432783002434	0.354155587443
0.520902353298	0.348900615235	0.410047869164
0.266263904821	0.545156006332	0.414458022918
0.683210762878	0.417582343618	0.177783000329
0.497141858146	0.427035099293	0.363251149931
0.251327846279	0.422370008521	0.53186393197
0.36295014456	0.330788209448	0.601066485736
0.294921402118	0.577116070431	0.350239797634
0.204437521197	0.363528130113	0.637152560731
0.442108456461	0.533136046011	0.32714935012
0.123591399072	0.125422006618	0.905244377312
0.336337105358	0.574657566595	0.360781371059
0.307757436497	0.582308910118	0.354262901122
0.288594578759	0.525407628541	0.413456752174
0.261057782756	0.263067263092	0.728180885472
0.62106608758	0.2776004304	0.444362024995
0.219284791287	0.369960514775	0.636711321459
0.658578550386	0.373042863878	0.333706737379
0.377002037269	0.56376667041	0.326994251639
0.242936039593	0.501984135519	0.462621434399
0.295530414378	0.36623475636	0.550225872746
0.170150561272	0.313424330928	0.701557387949
0.367505323811	0.451935722344	0.439641744497
0.335335241556	0.531575718527	0.394354519563
0.627452112678	0.374043973036	0.313796940501
0.256309471124	0.446502358037	0.515524765956
0.472128748145	0.514561092106	0.310407836827
0.167061109905	0.487944065515	0.565555595184
0.44957781594	0.34896067769	0.465934408275
0.280824119687	0.535995728743	0.417149184298
0.215752520454	0.310736887593	0.688452735867
0.266265043506	0.429427768371	0.525649058491
0.228456441997	0.361156021759	0.627003590626
0.185480013816	0.3023075231	0.722041865088
0.316630726324	0.371336656091	0.557717897407
0.361385826321	0.477794308805	0.410389819775
0.638579940898	0.189367425467	0.494884306047
0.277476401591	0.309752696298	0.629750091037
0.279762659846	0.39547386377	0.534622239797
0.222743790056	0.425121271524	0.573902784649
0.189798474245	0.342326443839	0.661370921619
0.39264621497	0.492535185782	0.403817156903
0.34060906416	0.541752893442	0.376945887167
0.193403816133	0.383093100826	0.623908633167
0.388575452207	0.40726921233	0.454190998354
0.299143414054	0.518188346672	0.406664186933
0.258887063503	0.462468834991	0.495221323089
0.390358272846	0.577507458117	0.257300981192
0.445697804155	0.615495935043	0.162079266824
0.215346100687	0.382350291639	0.600008344719
0.251852021901	0.548760148854	0.432831066771
0.207976768166	0.345870175554	0.648478030123
0.404025353561	0.465211067367	0.382336778333
0.275753068201	0.429584466396	0.520846574316
0.43947138085	0.498157388331	0.356032589722
0.23219634264	0.368358666359	0.619312358976
0.435190795299	0.241384712887	0.592953319002
0.348107502542	0.536725742277	0.365436375787
0.207411242468	0.490421007379	0.513538010034
0.610565413864	0.542786920491	0.216106684754
0.305657428986	0.52185073197	0.345454348477
0.224380749625	0.334113283585	0.64921294188
0.491715184172	0.39294389865	0.417041444548
0.382233034714	0.276389554879	0.592185016119
0.321846541689	0.559790746411	0.366152992682
0.323418444595	0.433271676599	0.494488653931
0.16013121484	0.230026950009	0.763359738433
0.45693502972	0.417287654252	0.437373701417
0.434899489292	0.197833285402	0.700063726384
0.183057857682	0.312300606023	0.705601789028
0.203140169752	0.451984670317	0.518235407606
0.298809719478	0.464247894772	0.450601790168
0.624269889786	0.436323443568	0.195313551715
0.112343678711	0.397635687419	0.622770964593
0.525712356009	0.376752733806	0.39137364129
0.680500806144	0.146832518867	0.531752604078
0.339843687052	0.582583583536	0.332920249872
0.2359587383	0.536060890492	0.449723456889
0.601176188577	0.343799244563	0.351901567826
0.396360563357	0.483081157161	0.378447795078
0.236549748098	0.568166402707	0.403284146484
0.434097802243	0.579319998269	0.245906778716
0.760164581548	0.404588288489	0.118785509889
0.242153208814	0.503486653265	0.468314058622
0.383042257369	0.42409265037	0.454563692069
0.350489587884	0.40485673338	0.490850750919
0.250807498044	0.630653653046	0.350038046508
0.231225183839	0.473203993463	0.516501150885
0.332067391853	0.517852353043	0.434155050529
0.241407110727	0.462025096231	0.493995292152
0.396134745192	0.463764120544	0.406645005017
0.675748893742	0.387388861642	0.253069274305
0.260726956261	0.502639724396	0.450769257631
0.372006678578	0.455770594614	0.409795539331
0.314114351259	0.237146360688	0.665158583899
0.408791700155	0.25886002898	0.599599778389
0.407129300239	0.357576987905	0.497540388573
0.36132964447	0.496894235303	0.407970812308
0.243913965177	0.568209466768	0.426903991087
0.447942806581	0.296212204215	0.499798348086
0.733006489722	0.254499637424	0.336011099489
0.737640293918	0.242541666323	0.338749446251
0.282370443768	0.48652480245	0.470523297347
0.595780084036	0.241222797285	0.491113262463
0.298316734534	0.388070551254	0.549743874887
0.125668673971	0.428522766969	0.617399189725
0.320592433414	0.516509509286	0.40677565045
0.520385010902	0.235399933651	0.535298662194
0.187597017011	0.492284642137	0.496967003053
0.361623744848	0.49119435426	0.400182731252
0.241207371977	0.381194878016	0.601427776463
0.314914678833	0.447533946491	0.473207248556
0.712127611216	0.383659053416	0.281421111091
0.500227307231	0.495834746862	0.323271349564
0.319960735632	0.54382754791	0.371404955112
0.287553813332	0.458823722886	0.49258944653
0.650889416716	0.418414115706	0.257054250057
0.340133250605	0.3970412249	0.504579441619
0.330042531866	0.576847782537	0.356819233249
0.395320846921	0.379227691957	0.458831616377
0.170583068045	0.32732148781	0.687006443696
0.221936539577	0.422627249931	0.570154789015
0.327066987381	0.516359572683	0.409620090694
0.360228602582	0.591145942282	0.317772312769
0.177244052964	0.19769366789	0.780176687773
0.384028942321	0.441953742492	0.432358675625
0.279995111712	0.484561435541	0.447223837545
0.339421662998	0.491772156782	0.422252782857
0.267190271292	0.438702573824	0.496266195568
0.534943454407	0.483916112679	0.312705535277
0.22818909854	0.306124371038	0.68049919639
0.302690771768	0.231367651672	0.727760655626
0.188760207178	0.218676331458	0.783228341971
0.444734237419	0.530387818591	0.217937647082
0.338409963625	0.350241757439	0.565707410545
0.250920490527	0.538330013049	0.451415462904
0.547909972003	0.474306780778	0.251670219086
0.269293900111	0.401484825633	0.559157081782
0.225235721793	0.352430462845	0.645192276868
0.28929529679	0.283862415752	0.653379850675
0.559169827487	0.539302573482	0.217920662629
0.347584115524	0.5180683865	0.404763579103
0.191175726382	0.536401656435	0.463379145045
0.384182998711	0.367648969127	0.427329029413
0.308652860184	0.363615543233	0.548022683719
0.180644262171	0.253722647238	0.750471914915
0.296897661233	0.61028294045	0.331942968107
0.454683938483	0.44539874016	0.386664582053
0.274987263447	0.390492025848	0.569940578891
0.348865056899	0.526845031661	0.390231507085
0.289242564014	0.383968824942	0.535994349796
0.225415439425	0.348158283204	0.612746117884
0.324973215876	0.403837133605	0.519844094745
0.257733143081	0.501985321251	0.452632150464
0.430176602822	0.438249628254	0.261014164293
0.324425272569	0.425989035383	0.495966329044
0.313009621014	0.386817123996	0.535727130769
0.464861555511	0.427332708622	0.399122511223
0.352631246671	0.147415784577	0.710652051772
0.266389491029	0.48976728982	0.471972734271
0.15651180037	0.404401078513	0.610979858144
0.291911638555	0.582573487499	0.373105621607
0.530403047847	0.386883073358	0.404216281082
0.224179072744	0.241545154067	0.747606895397
0.413824840153	0.3423933629	0.51822370772
0.616636324469	0.285760114643	0.410762807075
0.175933720259	0.220136722097	0.792676728817
0.263950279185	0.407612155918	0.558805604259
0.264929503708	0.369450028542	0.594144667458
0.290320447448	0.51815510877	0.363886973996
0.353777940097	0.404284617428	0.505564099976
0.507735960617	0.42073552573	0.306921727905
0.261253928253	0.534219173048	0.436454115614
0.355246442901	0.268040309735	0.651388693528
0.241533590956	0.39135876588	0.601514664993
0.353806392345	0.470976612748	0.415372830675
0.462677559583	0.382813051724	0.443463279404
0.245826754476	0.542390927113	0.433355228265
0.434103788196	0.437382860944	0.409119078273
0.081708484031	0.440220865649	0.667022545852
0.233236125133	0.487017403964	0.496795296377
0.228456286838	0.232443653937	0.75124715103
0.255886452605	0.293769893817	0.666209489611
0.315567272161	0.558370783709	0.355116583964
0.242525375327	0.405359194943	0.566426792204
0.258917194654	0.301630618453	0.669763246297
0.284388344287	0.571055218141	0.363850048136
0.207834557623	0.622606207308	0.372677449985
0.412026252902	0.503925940835	0.368492508757
0.271552206599	0.470545204938	0.488431285316
0.200115768503	0.498488161081	0.510202786428
0.279835857611	0.599551667198	0.356472675618
0.176807036066	0.437805672026	0.552759843298
0.200315530762	0.397471303205	0.60925335985
0.203379488404	0.26771584266	0.727258265627
0.114776174945	0.393627578086	0.661710387064
0.287281618563	0.495741475998	0.424487917948
0.225162358325	0.253429406442	0.714343357698
0.217001880013	0.532430079594	0.471738498399
0.292094015073	0.541085642051	0.402424523553
0.195097318626	0.440871157313	0.543234900699
0.256064145235	0.4552291147	0.504080436305
0.274305176467	0.362392874809	0.577053851932
0.241189492664	0.545502200199	0.421477969703
0.279688723946	0.479876673904	0.477004818591
0.219558256671	0.477566617997	0.509672948518
0.459592879057	0.442322342971	0.309234997538
0.295936393771	0.599567917261	0.347476381368
0.225114305538	0.54365823619	0.450667610144
0.217414568415	0.507945325404	0.480365691599
0.309644172839	0.603947476238	0.329820371041
0.241692745392	0.402140991959	0.561014775547
0.258218107169	0.388318056723	0.577142990885
0.577786912343	0.388640852943	0.350589129188
0.161484807823	0.22363850906	0.80222383121
0.193254334427	0.495853503768	0.486247395122
0.25820530583	0.630109634796	0.338519190103
0.262196271448	0.353435699191	0.597649473901
0.315242357087	0.308551965069	0.598170132993
0.179700060772	0.482762410246	0.537844491902
0.100586247815	0.301151745949	0.754871316569
0.291015984347	0.465226794217	0.482712018727
0.170187444334	0.296761256046	0.740247661818
0.271974042221	0.399323733541	0.56066866564
0.185609520276	0.39736618155	0.619142641386
0.18280891886	0.343493479752	0.667728214205
0.376869333979	0.438624703643	0.428611501254
0.348024227906	0.208710071063	0.717546677088
0.201134043588	0.55089494894	0.46465611199
0.237202594174	0.483883863307	0.50041031929
0.207701859289	0.50717816194	0.505232889895
0.219008212614	0.513300092281	0.466349289269
0.127745926369	0.325336634631	0.716072608264
0.368583872731	0.425839533815	0.444739208842
0.398200160192	0.510516684547	0.332922155285
0.263792740603	0.258209436199	0.687490786898
0.476079353482	0.475772045008	0.334416192027
0.201089133197	0.490593067677	0.507918294103
0.206230718403	0.452492110039	0.527663047018
0.402807315821	0.504593446407	0.373359297293
0.29672410295	0.423117012207	0.50634542823
0.163881174227	0.360558526888	0.666418529605
0.330607914074	0.349445634222	0.56831028972
0.129059737256	0.34214922184	0.698573202722
0.450938096412	0.546320407951	0.271577814166
0.321797420323	0.416135341411	0.479228403314
0.530369239323	0.437984500237	0.327636784641
0.515910500212	0.530319333018	0.214794363123
0.2879733091	0.475721709939	0.449912541303
0.649778894726	0.474039048773	0.192431591624
0.339322842509	0.69434154168	0.237495426544
0.221240929712	0.51746076704	0.481165495698
0.166672047006	0.214294723571	0.809083567546
0.255483489023	0.486127508692	0.471027588037
0.378975511917	0.361861544721	0.505576478047
0.225692311959	0.541781726393	0.421325392422
0.199426383484	0.490785234134	0.495081462437
0.319070466332	0.387521533872	0.537775057531
0.392863739706	0.495963341787	0.375782307967
0.231385060687	0.467425064867	0.515502573769
0.207844859358	0.44396174721	0.545183502346
0.396977016875	0.449286841298	0.36840842059
0.319414961335	0.476554864474	0.444340551569
0.312930307534	0.450255960545	0.46756449546
0.161187997859	0.524680096618	0.501837792851
0.473944032302	0.329247309439	0.49608390916
0.36141332165	0.564867625622	0.337722882796
0.307754996217	0.572835371613	0.372620471666
0.595937490624	0.36857503818	0.316248276131
0.412264862065	0.523245510616	0.34732851555
0.379593286716	0.347816247364	0.519955385513
0.247762060154	0.265408736364	0.696304560332
0.230562937982	0.47164021505	0.514724192341
0.325367650772	0.368749358233	0.527017206444
0.389054919671	0.279878409872	0.634256664999
0.266840209312	0.554568933804	0.390087663072
0.390908766551	0.45414954052	0.402989341236
0.192510562086	0.456762570764	0.563599542781
0.460124529706	0.397898928182	0.411675261256
0.394980582757	0.364975001419	0.491535299749
0.222612004747	0.411715956981	0.574695111317
0.53025015946	0.260305197212	0.525954570542
0.435634910475	0.444748731694	0.386365978774
0.478490322744	0.427319364244	0.363792150508
0.235474017785	0.276705520566	0.656836780559
0.364877260891	0.581179913367	0.317993228852
0.372445683385	0.524038844518	0.328151181389
0.27419336447	0.530281584187	0.429350864432
0.548821575084	0.439875893568	0.320321035404
0.394676393454	0.604672160026	0.2582376079
0.381409939358	0.365539240125	0.497699600581
0.35293278145	0.303905609921	0.552931072303
0.212440958172	0.334350841162	0.644656474223
0.3422674682	0.562531510773	0.337544004799
0.578105202505	0.440472799635	0.274138544217
0.22214716368	0.315546241262	0.671318452269
0.176134475878	0.414389876031	0.610892747218
0.366049234959	0.546173820794	0.367076367014
0.479745758321	0.394263900941	0.433072190311
0.623285097778	0.339584784395	0.332264456442
0.250194088011	0.327628262755	0.629003763848
0.284697726559	0.570609583595	0.342672877008
0.214009626505	0.439176800934	0.559754344057
0.2865714608	0.541322623196	0.394939074748
0.563534870922	0.405606298816	0.33927552454
0.346178642203	0.581299702845	0.326655470122
0.350199178581	0.555688231597	0.329275322877
0.429428217864	0.489281617736	0.380588195353
0.480907282303	0.462740420178	0.309299586357
0.597091447207	0.409042944416	0.308973565297
0.277117518298	0.327563865867	0.586858089217
0.242075192722	0.456915328321	0.513609346872
0.447180398301	0.467704356624	0.310840466162
0.173330148313	0.291884384736	0.731749128987
0.662696912414	0.2930106335	0.407575282972
0.403103432116	0.498048428521	0.39439191333
0.217329822683	0.366177965948	0.619002859011
0.383542307161	0.526363638159	0.335497512565
0.244409632024	0.500931325052	0.464713403374
0.232713265535	0.485692962267	0.476425769068
0.399111787425	0.464972856234	0.408163800885
0.28965523403	0.384919472278	0.533183206505
0.34273130045	0.497340624519	0.413872078211
0.481569796083	0.338715088915	0.440272617814
0.738119673001	0.203091846275	0.370197528636
0.589204369255	0.512260524675	0.22743100613
0.286440768934	0.643142369188	0.301687524168
0.2611566017	0.370896961365	0.584828214638
0.365123863913	0.556462181985	0.311823187487
0.365524463522	0.323950310555	0.556305458251
0.273170649087	0.182891583918	0.770358649309
0.336103364404	0.419840230431	0.482572282405
0.532145272037	0.415490933432	0.326557096811
0.309936299902	0.481113480397	0.425545965873
0.345361947785	0.513769764727	0.382249709289
0.531741204183	0.478863111762	0.28199409094
0.501263027992	0.382956429438	0.39689603425
0.29116341212	0.214983653062	0.729291522741
0.209452062361	0.459070385192	0.536466418853
0.207499072479	0.315675667065	0.673766991144
0.356455087596	0.528247172873	0.375722435524
0.224605119926	0.557246945432	0.4034535093
0.210496201005	0.436085165755	0.511953603991
0.430930719311	0.411401705816	0.442088299464
0.405446732826	0.477381651318	0.389292510577
0.232853731058	0.348488793118	0.629400926985
0.328030734302	0.570845743476	0.353038231697
0.255419273783	0.530977420977	0.435618449209
0.417908605663	0.456122845792	0.405279378218
0.312789196045	0.447177304483	0.464344915855
0.352182292796	0.531905812491	0.366823950988
0.254004248356	0.491031308223	0.449806922582
0.333432838884	0.536416947122	0.383427380948
0.423651095007	0.302387646439	0.548421663795
0.688246672481	0.297422206542	0.363147153855
0.409832083905	0.581517184727	0.286474364816
0.281047177561	0.318571291934	0.637164491785
0.229995793867	0.438684681276	0.547942677569
0.217357905393	0.369932291682	0.643007016194
0.363776222213	0.59335033118	0.293229494823
0.166579077642	0.547011420985	0.494543319477
0.285500186725	0.565202301877	0.376348679097
0.244879962069	0.417428090806	0.54432691571
0.312148378247	0.517901514582	0.395515589864
0.264454222374	0.610773528958	0.366391460391
0.538248931255	0.438702537355	0.344223394967
0.222166375454	0.479512077538	0.515474197893
0.218961070851	0.299313340345	0.6903527345
0.165113053927	0.582876959373	0.418184310848
0.339700865363	0.551550810854	0.367773959132
0.34656485453	0.544616229244	0.355456817709
0.620361031004	0.313195484898	0.374849468885
0.251127366647	0.582361882217	0.391502942038
0.277925183826	0.317345835513	0.645562501475
0.448901825964	0.551689537701	0.302133843081
0.285556380984	0.432353096304	0.518571394496
0.478604428742	0.391341852541	0.408247304873
0.228708207131	0.46493524645	0.517832044804
0.219791772267	0.495216989627	0.503191308311
0.274151369486	0.489238458296	0.454705468719
0.273179151824	0.296545959638	0.670986333229
0.415360467324	0.549957413105	0.302630162221
0.453532410814	0.432643119704	0.345842182946
0.566805653682	0.359584853337	0.387033975845
0.209986300052	0.277021341959	0.727728294419
0.588910771057	0.334091769168	0.334211709498
0.388267660241	0.423366050748	0.441910448514
0.472923330158	0.50095530324	0.347788405685
0.39382900934	0.608771655143	0.2745444288
0.629705954231	0.246564233302	0.439757146182
0.377093762452	0.47192913465	0.422784659508
0.47106966465	0.359232036853	0.379952349989
0.362407586072	0.599977097278	0.306551573618
0.436482932593	0.492219811137	0.342311493537
0.280992668611	0.46357508817	0.473218138512
0.19943951601	0.495998212558	0.515937199804
0.255740948322	0.310105324954	0.651543054337
0.564793064083	0.362060846943	0.368379330157
0.31210536598	0.408308281738	0.418799789085
0.154273224333	0.683241328463	0.351186619758
0.273538304318	0.654593184719	0.241601937826
0.436265876896	0.387212313598	0.461920373202
0.26583173933	0.496816755711	0.470909393542
0.135212236931	0.412032936112	0.633829041998
0.288297414454	0.494957678274	0.443254873565
0.219218398738	0.473395436691	0.404053107629
0.300660986795	0.360203192632	0.56056861991
0.474696357873	0.533436322872	0.293968895503
0.169754466922	0.565649987821	0.426686324149
0.398062940968	0.411631422967	0.471048688822
0.655880595479	0.397936439594	0.296980851298
0.301992699713	0.492924648667	0.439133778795
0.294781186331	0.557561486592	0.378411860106
0.115344641762	0.440617032399	0.621667924799
0.219717433702	0.378475614723	0.602395040645
0.397204738696	0.476863377538	0.389021439882
0.215831776142	0.437628843698	0.463781467769
0.166035102074	0.460831641089	0.594024624008
0.372680479665	0.526155995549	0.368207639381
0.211660784515	0.270636414418	0.718670716514
0.301837184832	0.461361835356	0.454372137812
0.454575009896	0.434787514467	0.393699660204
0.425587781787	0.4957114462	0.352518314618
0.329831215922	0.587884555758	0.337784428016
0.240748411452	0.34365929609	0.630771916661
0.558260366648	0.4669423392	0.303540691123
0.253922060412	0.249568735637	0.722207324735
0.424678685066	0.427671731578	0.410910571739
0.329913549052	0.595248817509	0.3318350317
0.311061638202	0.430653466821	0.506459986484
0.286901674179	0.645344227969	0.305177369949
0.408484038721	0.552924907476	0.316553173241
0.395850173389	0.554703039549	0.343576792299
0.250936026498	0.372596521314	0.593898502972
0.451603111671	0.547532743937	0.198228590717
0.276406527228	0.53868490304	0.418523607996
0.515028393427	0.337278171606	0.328925427878
0.302194947704	0.228587622975	0.693813116993
0.268596881202	0.356109158277	0.618013265903
0.383643045055	0.377411561565	0.469688522929
0.223685654194	0.483068485082	0.504978788938
0.135905507787	0.322478238959	0.782105831188
0.171687781012	0.310109926541	0.704224692606
0.229420814175	0.500111294723	0.450631396735
0.440195486123	0.493085649804	0.316964278448
0.281540932121	0.30619040669	0.641612990706
0.377731690322	0.557290194256	0.324033158596
0.268743643583	0.591063505875	0.377331174156
0.366385110398	0.499903081588	0.364612042815
0.20203341139	0.545293122877	0.511371394632
0.354083958914	0.276939012946	0.608181904283
0.388707150411	0.393817660881	0.47608313243
0.410368763115	0.575458936144	0.299159155092
0.394619261132	0.464718954391	0.400446673411
0.674232836387	0.509045993998	0.202041832804
0.309465164661	0.336486700542	0.578121216931
0.697204988699	0.306984630291	0.34035170755
0.481479152822	0.327594698662	0.497910556381
0.375508262683	0.500089121883	0.393117933625
0.320034440224	0.376496093652	0.552160608786
0.0934651733202	0.382161679764	0.675225681992
0.256397477698	0.270056974621	0.710584254971
0.23530726755	0.611007139193	0.381245631828
0.248859161505	0.314440397249	0.659726855493
0.370587901535	0.527945754551	0.349677815145
0.378180323143	0.362135629067	0.494262599743
0.475286588326	0.420485642009	0.395280395301
0.674379984405	0.373046531471	0.267262780028
0.275525512128	0.390256464592	0.555986003502
0.432111210051	0.464830222716	0.387667274528
0.413860717662	0.464713782255	0.350522493313
0.250060589263	0.506245791922	0.463817504836
0.418073604016	0.382122012636	0.472981564955
0.288691817668	0.614739336361	0.32491737399
0.396846403545	0.491959221223	0.330368708415
0.623312481804	0.449886628393	0.232206494391
0.376235119983	0.613176988761	0.287247494364
0.264354078045	0.5234960159	0.442805356155
0.238119556214	0.507734836024	0.466895061142
0.261146338305	0.478463963109	0.481341818287
0.648120899613	0.303318118118	0.37361008706
0.314947611468	0.484755669526	0.422485400651
0.503313040648	0.458027629743	0.353691873024
0.606214931626	0.304219842302	0.392878176158
0.207904389863	0.518980261935	0.492103414765
0.441895362015	0.4589176085	0.359350586308
0.424600102965	0.508114575579	0.335156555507
0.245375793963	0.575129066059	0.369647601254
0.6257850347	0.53644057033	0.202599447878
0.206896718851	0.327223340437	0.675619490764
0.515842891123	0.503294409783	0.266568338625
0.597756147833	0.457588306743	0.270008403116
0.254829903458	0.512860086882	0.450514281233
0.352772520611	0.574951716963	0.330176689785
0.33611983244	0.474531497485	0.444515954212
0.320989743907	0.411386274095	0.508526784983
0.552388924833	0.258683849989	0.521525424018
0.621835345041	0.415608051181	0.306166467488
0.21256060158	0.357283542173	0.628546577788
0.38410235748	0.52292387996	0.346777170383
0.166683956475	0.661569800967	0.332206294115
0.510171888688	0.385878469533	0.394931076544
0.376732013445	0.497718674023	0.379345661142
0.322434232445	0.64625998917	0.289300599377
0.144621336328	0.626774318694	0.357501990909
0.28108278918	0.433418405617	0.495619476318
0.346492127466	0.34111881539	0.519298247307
0.541490158612	0.415501223067	0.335416931818
0.411773943023	0.496617188854	0.370501568246
0.317971928089	0.599390889378	0.339790986955
0.41844262979	0.262293017857	0.592671665367
0.580169084273	0.379426190478	0.332201172344
0.314085333527	0.229800646053	0.700035232016
