0.447749060426	0.395771181592	0.427303524112
0.375915561643	0.407774349094	0.459770302915
0.48223919468	0.427707439932	0.381749400366
0.195169759633	0.49603677735	0.48922103572
0.143126305852	0.582162265265	0.47383988868
0.432149632064	0.413995296177	0.447634707938
0.429032090263	0.467701900735	0.376278457093
0.391167138873	0.45025128947	0.416141412946
0.542745395488	0.387612376221	0.379906523852
0.415404746095	0.393913173075	0.443418927042
0.389913532406	0.30363910885	0.523368710009
0.357612101049	0.374903642984	0.512879470409
0.185657350612	0.569438622391	0.443636977294
0.439098874073	0.501326897613	0.335698586769
0.35581982605	0.441608002617	0.443737883168
0.288392702104	0.487265886377	0.412504560424
0.502499027954	0.268445732668	0.528381939653
0.383218098791	0.488575841266	0.388409572688
0.283025143951	0.508535914167	0.427614214599
0.48396228464	0.367014788286	0.446598199865
0.47897723311	0.381857433825	0.431371882408
0.222949426043	0.403069081001	0.598885451341
0.267479191851	0.66973399905	0.25716549844
0.17777830287	0.499727798992	0.517262862491
0.383506635307	0.544889290612	0.341988881006
0.493677317953	0.485589190875	0.297861468606
0.522758862554	0.436154624944	0.359121035533
0.405993495272	0.344521675554	0.524029288917
0.510781430476	0.409134033959	0.385150096711
0.580409366491	0.416994917189	0.288643235593
0.326248497986	0.32025460785	0.593878765427
0.364462993224	0.527482362872	0.35801592362
0.508187008194	0.42048442546	0.363287211181
0.433189150169	0.445914819186	0.372130574895
0.321000372474	0.525043111403	0.382828005608
0.377637660659	0.417475866275	0.455676710946
0.506110266876	0.451694766141	0.339307924493
0.192272796568	0.613583397343	0.358807886849
0.478983476752	0.432017103018	0.370930378421
0.178563374264	0.640794821884	0.37526732457
0.277204967003	0.527485350366	0.383711772195
0.347698985297	0.414130209137	0.455524760363
0.426105957335	0.446947072136	0.381709708202
0.560481863427	0.392094198982	0.371575215843
0.359822492294	0.856797392458	0.0520519216317
0.592752647274	0.521373017424	0.227211397776
0.456975880251	0.438986591218	0.390036220647
0.245567340513	0.534531795601	0.445730054958
0.437663844696	0.443760998415	0.394976841758
0.384296981883	0.340221500203	0.540422795072
0.482595520524	0.480109431136	0.341638579249
0.23848970496	0.536895500853	0.447787639354
0.342970938907	0.50315389463	0.395918919562
0.472276780513	0.416011180186	0.404311823159
0.457952344493	0.445544652542	0.389507061857
0.549220142042	0.400482263224	0.342939993445
0.392809103677	0.370212977218	0.498124778282
0.48530193072	0.411407857087	0.392926025098
0.257896880826	0.369669224839	0.613399976964
0.329063451193	0.539983897079	0.359209424147
0.268893153722	0.502272466236	0.43535587061
0.303289270235	0.50893544885	0.399086999226
0.405814602091	0.446502913401	0.404959047332
0.375025219027	0.442466917587	0.440845672961
0.408697072437	0.441910512463	0.39535833247
0.401765902119	0.440556103797	0.417542952323
0.18166146342	0.582960656605	0.426075578671
0.265094300872	0.453160432654	0.470825949853
0.369908805511	0.504050670839	0.376494223173
0.552941170547	0.46248971113	0.27241129614
0.472873981363	0.41200895682	0.40617098978
0.253323657393	0.535030581534	0.438594599986
0.525502629389	0.520103104498	0.254629519904
0.329160211216	0.424221248805	0.482339722163
0.34467893886	0.436071546931	0.467794671677
0.256569502192	0.418538112892	0.548936195016
0.41601470982	0.341880937448	0.494105390809
0.379780257799	0.47194422336	0.419525377133
0.28492785931	0.484864186406	0.414664652412
0.407642227941	0.474735447982	0.361469658074
0.356149946802	0.480385340034	0.40694103981
0.342825531692	0.418154959563	0.478755660991
0.525947745645	0.536593962383	0.26161404467
0.354229331171	0.399946720761	0.46163094932
0.356572645416	0.412513700632	0.480953690048
0.35638271844	0.567048299497	0.296549206331
0.135434420434	0.205227748979	0.827571302524
0.323065042724	0.443166480241	0.463013562504
0.371118857246	0.38855965688	0.485800998346
0.387075691484	0.39433949031	0.476229978174
0.176833398896	0.414179635324	0.613894015302
0.422712048253	0.454028579139	0.398186578853
0.292422267539	0.291732782576	0.647605107632
0.489401932133	0.268736661762	0.541457481194
0.510961923839	0.44980125694	0.315447470331
0.356649320168	0.432693791676	0.458092537241
0.261955507612	0.384354131643	0.570129622126
0.407695987785	0.423468056573	0.428502993254
0.39023265872	0.501360060854	0.350911829166
0.366349390757	0.498206275767	0.36837852952
0.331223891515	0.402551081967	0.495625805246
0.372323300623	0.448953472889	0.426900237038
0.236036147042	0.40724294682	0.551363108181
0.389170538402	0.369055593077	0.492553264637
0.372745040813	0.477367449945	0.409099123356
0.381108286312	0.509047547751	0.356358262309
0.425156409584	0.376300591795	0.472036001653
0.464579313194	0.521502778174	0.298119394601
0.304967472239	0.465884480874	0.458585614691
0.294876716265	0.525056038358	0.373084260191
0.455744627144	0.331866292966	0.500647822086
0.405576745761	0.286844842126	0.582286370375
0.47547111389	0.419581149257	0.401186023187
0.376618062778	0.376157401978	0.477657431863
0.398751438643	0.44189936587	0.436451523291
0.459215998509	0.400573662244	0.425239801592
0.379107013225	0.485281171325	0.365745480851
0.345761304979	0.3863213726	0.509623343578
0.428344437181	0.511967106943	0.311600731953
0.407695163426	0.355447863995	0.504926324358
0.303911169092	0.525270271804	0.398140530524
0.364006359662	0.299161231446	0.598242507404
0.390188475564	0.433716466517	0.442554646158
0.316024865357	0.519854910592	0.38744721718
0.292359436021	0.434973951171	0.494629155099
0.252758466007	0.330187742563	0.633261267513
0.275531900896	0.397161752416	0.551646182368
0.278753204315	0.465597720376	0.459388598339
0.229574274117	0.368908769408	0.610943663868
0.137662327445	0.338138850254	0.693627795273
0.496558407289	0.380829358323	0.421642862776
0.332688532255	0.488743654163	0.417561165936
0.316404944729	0.392885869395	0.520433255503
0.495446651201	0.389709744775	0.394227948059
0.299551003034	0.454776482171	0.476700184158
0.405621045749	0.425156240811	0.410229519603
0.298540664297	0.43743575999	0.499265241611
0.370827729507	0.434798963486	0.444740402897
0.505546190213	0.39197205997	0.41493597039
0.547912349289	0.385279682585	0.383328207519
0.316625696016	0.394631676027	0.521519816702
0.288266229145	0.546708182045	0.395212942795
0.377230841654	0.525190060018	0.277909773425
0.266493913599	0.540909779552	0.401012484059
0.344653936371	0.463716029663	0.433674575882
0.424102508884	0.332886886618	0.519716469565
0.202869608109	0.479461345334	0.538569863009
0.426570781744	0.503543816827	0.345475955188
0.281033944599	0.408902717181	0.536512911446
0.256696793839	0.432704892797	0.544326878784
0.451478161311	0.377009583977	0.434298960951
0.372520460647	0.442666105755	0.449676308982
0.328902513797	0.442229493807	0.473698499592
0.393919748237	0.358498490288	0.513982266954
0.271871069991	0.550760393392	0.399925740313
0.38055447022	0.430545826517	0.4459841151
0.383152467964	0.347982178598	0.537971125195
0.286157512099	0.448308929892	0.481976484587
0.439925898925	0.538738266504	0.293047468254
0.404791002925	0.489317459059	0.362218451541
0.453514933242	0.4283813554	0.407136144352
0.345322962132	0.524174649916	0.383788842176
0.322587597067	0.454427665521	0.460026503432
0.37756459974	0.36870715434	0.485804422802
0.556340103973	0.426494778053	0.334164471366
0.342687494777	0.41604100461	0.478761640277
0.445738146773	0.406549463547	0.427876142633
0.33854697826	0.511012716614	0.397953386377
0.305280023516	0.465635814094	0.455878558485
0.293797855159	0.381819148146	0.545868719767
0.257181685616	0.489119931874	0.455597172713
0.538915152516	0.362182761116	0.407361994636
0.320949535203	0.469866603546	0.444859958582
0.741884661025	0.406505296596	0.222804582337
0.456497723599	0.472022716979	0.334055009437
0.11209120953	0.733421305795	0.299638324634
0.239919380552	0.48780243046	0.479499762324
0.2853045203	0.41322892484	0.522649368893
0.284411053331	0.319037721214	0.580661786712
0.544815129235	0.468753443741	0.309848308323
0.266190023537	0.510533707269	0.458970056537
0.358099516318	0.525845510771	0.365486680697
0.413596459733	0.491415377546	0.359292151938
0.337086520942	0.435640405384	0.46709109228
0.332384952243	0.477231676772	0.417468372881
0.396989838094	0.396744271831	0.472517206112
0.334331791005	0.631009157003	0.268685759282
0.37531945263	0.4411408451	0.417632504757
0.449145544849	0.417102816222	0.421152775887
0.364761419688	0.493359551629	0.409659374169
0.216329080847	0.430859904775	0.511048990014
0.36065651172	0.330931516159	0.555447703327
0.282420906322	0.388657340859	0.568758335013
0.356024167222	0.441085212543	0.458157205483
0.274399858499	0.38824458969	0.55313249928
0.383389148338	0.521221842675	0.345726550995
0.555491999841	0.417244284449	0.349634961673
0.467856598531	0.52291900938	0.304723806771
0.264623042439	0.507929090182	0.432985021727
0.393729545894	0.396557952818	0.465052455948
0.420243523868	0.412702073173	0.433699861555
0.312252255868	0.447684959663	0.476042483734
0.216938297539	0.559722723624	0.423462167314
0.497630148314	0.436892306704	0.355504698385
0.277484573535	0.412209539358	0.53636690689
0.456497551181	0.44213028193	0.363782558196
0.479934050808	0.455147983298	0.369460736659
0.467191480176	0.447758067921	0.355990398198
0.55992870404	0.317292812475	0.449728193298
0.385884925031	0.233813012176	0.652626250982
0.383476146299	0.277343162308	0.603054955967
0.587261139202	0.470806053937	0.275174167468
0.46939525391	0.386414712555	0.41981515748
0.25080946727	0.270748641461	0.689064417586
0.324929974622	0.548286190496	0.341429547718
0.353257347139	0.467647298716	0.440397226632
0.452590678296	0.502240471586	0.329007215008
0.325412611479	0.512047968965	0.38587853251
0.18558742302	0.433300331915	0.591461909491
0.223054052442	0.539539479718	0.422878915445
0.245169313325	0.593516656125	0.372558296654
0.261360497757	0.6122487044	0.339746175713
0.372107156314	0.49920024006	0.357539478838
0.424071400947	0.492742434841	0.359202435217
0.268523989438	0.503392425633	0.437293475209
0.420574462615	0.464705752454	0.37114140453
0.442485568642	0.444387959414	0.396702343817
0.431128074801	0.443793104043	0.368184815065
0.341424603156	0.247133761329	0.672340477851
0.283734395654	0.475011443249	0.45280225021
0.309353397122	0.602817139635	0.314756005391
0.276477906054	0.347516736822	0.603173128634
0.255192666463	0.537483784463	0.384931207084
0.449129868406	0.402853051293	0.441258278442
0.33691638771	0.500457288212	0.398021042189
0.519266426825	0.411302375137	0.384811564714
0.63390375852	0.404907978521	0.310493352619
0.394991276865	0.476181334582	0.386220843838
0.286386156413	0.40501285055	0.464031936162
0.351707839417	0.402852480889	0.501539746423
0.302120672689	0.327798505185	0.586369872173
0.264396511196	0.477394031347	0.459875349957
0.502484561177	0.410486447741	0.386999838913
0.437953467544	0.44166401273	0.393738208927
0.464465951499	0.345759321895	0.480659358356
0.631313773423	0.513244141515	0.225142619797
0.418046175835	0.427254942851	0.416883569257
0.243348935618	0.59244542546	0.354230698125
0.234936128578	0.409122955012	0.574045007034
0.512103716075	0.536601422753	0.267323563239
0.342695395606	0.455090949478	0.445264625069
0.338410172203	0.350103126535	0.557961783777
0.371600117579	0.487617815859	0.410453712393
0.348435205982	0.566363856416	0.312014062564
0.326263161955	0.386426230538	0.518747398151
0.383684806678	0.390660854279	0.488212673901
0.470550344272	0.603240792264	0.22947911408
0.475258683511	0.461474360163	0.34969591718
0.377156630564	0.392321319235	0.469899595603
0.325531917231	0.485118010147	0.433261065671
0.455906032871	0.450235966793	0.383117850889
0.651447831529	0.508058502796	0.216770906632
0.411394801036	0.49799759519	0.352125827485
0.271007390031	0.385602233432	0.557949934434
0.431937317309	0.486705993486	0.366069549285
0.411215481223	0.456174142412	0.402538484247
0.308251782949	0.429231309743	0.494164062206
0.438013860047	0.412126686089	0.419367253576
0.401356387945	0.463548063567	0.381147868592
0.509307733162	0.39773256063	0.386989781956
0.332218747647	0.536963707773	0.362005012639
0.517835559535	0.386892630621	0.400014732227
0.369115818829	0.482604438553	0.394613598528
0.464050881448	0.383218446591	0.450342570537
0.230839052754	0.507561758205	0.459469808278
0.406545585357	0.492827072058	0.363651616334
0.487918449661	0.438783277292	0.367774881592
0.571415734716	0.421656951114	0.313745196666
0.258282477641	0.372107146972	0.591624102144
0.44624369096	0.454802593096	0.373477603225
0.47362513928	0.422837161579	0.372064886498
0.594814274627	0.453427790914	0.277366886853
0.37207881553	0.477341706601	0.412544964675
0.29244739429	0.468355749323	0.468213979592
0.217160420571	0.451082065026	0.523390229564
0.554346731899	0.385856758533	0.366798418648
0.420021383222	0.524522394961	0.330498189868
0.478573912223	0.408340282992	0.390658978443
0.281113934438	0.377810125786	0.568984784763
0.356870414777	0.455886812688	0.439704771462
0.550687223299	0.417538934522	0.353742633843
0.460756463379	0.365808998474	0.45609518699
0.27935245223	0.444684385049	0.49225841611
0.485186314467	0.395482432915	0.418744040513
0.684826922438	0.393804661612	0.273486608983
0.571314583774	0.469458039083	0.280853793254
0.472811483829	0.322281511428	0.48391370421
0.706998376914	0.429858541516	0.230613702693
0.409953371458	0.403524546304	0.465390422335
0.471013710237	0.435082899747	0.382574727357
0.347180304278	0.468148139724	0.413887461107
0.412517193046	0.469672734015	0.369517598395
0.394717302361	0.445862019341	0.417193668446
0.581458328839	0.389035659492	0.351854462381
0.375018536448	0.545395481803	0.310486198021
0.425427635102	0.506446523462	0.31805313923
0.549934688693	0.407521334708	0.353526897823
0.475894852377	0.451532443624	0.364427148379
0.521131883976	0.481905460588	0.297737056024
0.713363598076	0.542845509246	0.158400207409
0.486948064134	0.442029719418	0.365681640654
0.420232229379	0.498477232778	0.359869336468
0.302936163024	0.658699539795	0.268743701511
0.442686656969	0.589739950359	0.252529123485
0.481803170815	0.447822686995	0.353020798045
0.370299156127	0.366501584723	0.506020688975
0.37941713668	0.555034573762	0.275598232422
0.496846212916	0.297808217743	0.502842653964
0.379087677301	0.437406553568	0.429937364151
0.459817882662	0.40153443416	0.406587553327
0.304856546118	0.433574331711	0.487106640803
0.576183066582	0.501298424921	0.258328925563
0.22092181857	0.576185794571	0.382654112869
0.464338625968	0.414266976842	0.401725736722
0.212123312222	0.505425352061	0.492074108559
0.467536701904	0.460162726505	0.351834417425
0.400543527615	0.364368254008	0.499224877749
0.448646558813	0.496765484009	0.339838135387
0.433019666206	0.470291749995	0.354695014296
0.530475651416	0.481260702638	0.292997263069
0.476072728289	0.480556552164	0.312538823372
0.576706397225	0.445153669316	0.306974052431
0.261591310452	0.256937551092	0.706413941964
0.484676114972	0.469657825689	0.32543399074
0.503683114525	0.490756690432	0.297006733179
0.512453955246	0.449397862982	0.339978673535
0.453765372427	0.404602855702	0.424074114659
0.387164103845	0.417090486381	0.424389188007
0.437885201075	0.495180524258	0.331700901162
0.316771996952	0.442490365365	0.471285855603
0.274194314375	0.337967290336	0.600343410336
0.349339432856	0.45975462393	0.402835238728
0.206990680319	0.361685102273	0.628901191632
0.446156205197	0.45887570898	0.358471260417
0.346509281459	0.474667892832	0.420459611375
0.397730819223	0.355014498193	0.479787609979
0.257390390437	0.40923430912	0.540337453189
0.407723797731	0.507904028024	0.348727120784
0.29239875151	0.442931991993	0.495953428519
0.167230986093	0.407129598992	0.621760786065
0.530602357664	0.413561477728	0.340664433046
0.329357641667	0.449423830904	0.463092845424
0.331311062281	0.359045191328	0.560215103206
0.417763408046	0.399592947376	0.466903721745
0.484746548024	0.435097578835	0.376892656595
0.515165197905	0.381787181301	0.414800074123
0.542420632688	0.348757817628	0.409483136453
0.302348892624	0.414462031446	0.517550488759
0.343644384247	0.243813655575	0.66566801828
0.170380606226	0.254035951104	0.764502860564
0.398903118778	0.484017581531	0.387788741475
0.30313556667	0.518913386666	0.398084566096
0.433655467568	0.405655795917	0.445571182741
0.358193760326	0.386449580489	0.495860957085
0.278993033221	0.359145251715	0.573830899773
0.669932204235	0.317237339808	0.366278255918
0.483831605035	0.398579755092	0.391647787154
0.306401933515	0.495698494354	0.419282889111
0.433174252379	0.427652150893	0.410882072992
0.568511872438	0.30425621318	0.457106399065
0.499744399192	0.372039137711	0.412614942887
0.468693277689	0.424948155558	0.383074020807
0.460625376706	0.326781317578	0.440081469102
0.316051407604	0.352967701103	0.572553830565
0.334887550807	0.420732644607	0.442638149462
0.333903353897	0.494648638932	0.416247998518
0.43113892321	0.446435499171	0.380955758027
0.369075719537	0.319264358737	0.567832765138
0.238232559352	0.384243307032	0.57990193556
0.333155512147	0.244065123232	0.690715611771
0.241848556737	0.403430799994	0.535037825564
0.413306380298	0.364496216779	0.47230221193
0.367008768924	0.463711616496	0.418594888273
0.358253128439	0.438450933233	0.463100727764
0.319701708305	0.494166555487	0.409853757852
0.375360660957	0.426321921628	0.438914508785
0.393242471427	0.447229363104	0.416095732365
0.373044127107	0.426058633334	0.459724546171
0.348129536759	0.501929658145	0.384605740212
0.293593040922	0.420280614339	0.515416904005
0.434760404566	0.450271760428	0.38516016686
0.364405421409	0.481754873081	0.399415358898
0.290617016424	0.422880287262	0.51385036722
0.322730085927	0.449863121692	0.462008413364
0.3733647104	0.446592818416	0.429158628313
0.517830845521	0.421871012953	0.345942196832
0.462253589262	0.408847388908	0.399429909809
0.449900921735	0.376111033213	0.445668542629
0.317022698499	0.372003765278	0.552147301449
0.382811716495	0.463367722582	0.406416079379
0.352089449486	0.434816557102	0.452298684534
0.25235148244	0.501261370208	0.453177336528
0.313301555893	0.398376976756	0.519758743543
0.316209334473	0.23165774692	0.68626959774
0.295913652625	0.393642447942	0.526723493383
0.231550818247	0.43144636344	0.55543786742
0.203602972378	0.44733857654	0.544956701789
0.335613412251	0.463818981247	0.430819976463
0.298482418357	0.388106971652	0.540939249701
0.297473575655	0.509736984759	0.425548482578
0.396366131086	0.506508076155	0.3633401502
0.435349911447	0.418694480629	0.423446683149
0.377045784612	0.454278841903	0.421412052665
0.457797984101	0.439090912675	0.368128845655
0.389594434686	0.254456458641	0.636662023317
0.299870720692	0.427517824533	0.516065056994
0.519955385309	0.41161168153	0.365344982568
0.27505551811	0.445869279327	0.462239714926
0.300020016012	0.374023988065	0.57143405236
0.311268066277	0.389105893155	0.545037959338
0.406187665898	0.219824086811	0.681640002884
0.264008371769	0.38207379499	0.573383430622
0.279178522695	0.419273261147	0.526410110051
0.423742465015	0.384462853967	0.451146827452
0.314557173369	0.377515751607	0.540979461563
0.391277532256	0.461099266058	0.406314505629
0.291632870377	0.384206147826	0.535429793134
0.376262018758	0.348992311762	0.531321699238
0.237205522904	0.341025885862	0.644326435959
0.464444657564	0.330053715763	0.48067121061
0.28369526258	0.563298466556	0.359955676875
0.387887993026	0.423173586215	0.431519091362
0.415760634905	0.228054304398	0.645778352912
0.573740969635	0.334371845653	0.397440327186
0.340969837715	0.402930362584	0.507896597693
0.189791233168	0.535491673068	0.470804906155
0.249040056375	0.443759222526	0.517639573607
0.361686950619	0.421643084225	0.467758007233
0.306460758804	0.350697544663	0.587278216816
0.372987888008	0.361772018346	0.525617653109
0.309675246332	0.376193411388	0.547654902061
0.337686975809	0.338558259502	0.575223099455
0.253389288911	0.409598419899	0.576598867505
0.502610183459	0.360472317518	0.447476805003
0.405339060686	0.482208667602	0.352340060911
0.372803756727	0.475335654872	0.407729295741
0.282602081319	0.410334682202	0.511931176528
0.355921586151	0.343492437235	0.553427760819
0.296784567488	0.288169720127	0.667065173075
0.264811981358	0.246560831944	0.718466644406
0.367751363873	0.300077723658	0.593247380617
0.370248621642	0.455679973888	0.372986033473
0.607532177072	0.261785226423	0.48163833907
0.218328883934	0.422389096342	0.556739476124
0.437271094558	0.340816536519	0.499714147479
0.241026615772	0.434174188482	0.526484212062
0.342980013064	0.47637631127	0.42145547353
0.375381348606	0.422522818031	0.47428573161
0.426319839202	0.429387836123	0.415449978786
0.196662325722	0.798986722147	0.164919680725
0.414416685534	0.46200011834	0.397649385591
0.19839118144	0.291233164901	0.722761636242
0.392422780764	0.180918088716	0.726684115322
0.256056014419	0.345597511183	0.633532172545
0.371214095198	0.41437863138	0.466736463952
0.449446903022	0.462734166509	0.34804680115
0.552692382821	0.22482728144	0.563825843567
0.406570057125	0.412943990813	0.454593372238
0.322742008154	0.532088378413	0.375304052675
0.378937712153	0.408609700761	0.476308138992
0.302036253136	0.469829569684	0.45597060988
0.482447410271	0.502925038398	0.308781880741
0.380261854166	0.492232950651	0.387441253841
0.303263706552	0.443857775814	0.481381208358
0.273741830866	0.427565763794	0.502092876819
0.339538063819	0.342967084878	0.557319783262
0.266113305035	0.475072613303	0.46075438843
0.349789036552	0.462312574749	0.445952854686
0.352969840474	0.478251020777	0.409828911221
0.527543910856	0.365613560923	0.393657851856
0.486349456182	0.354798031717	0.451936893567
0.274945546913	0.479493703825	0.453714575604
0.398598748818	0.42364414545	0.44653226323
0.352004579207	0.381537024931	0.516558028051
0.607820705008	0.392110848726	0.332110510806
0.39207166293	0.390560592704	0.485201381828
0.397163777925	0.424632756181	0.417943299244
0.189533775667	0.47719602879	0.527571342064
0.543771684682	0.234517174083	0.557036689336
0.340947653262	0.388205077193	0.489987869502
0.436654390914	0.450240200989	0.371113028787
0.382785488116	0.384807442543	0.47990491835
0.543680609525	0.419176289971	0.345992330316
0.228192676049	0.443798802079	0.519450730818
0.462945359609	0.400044867165	0.412317941314
0.295288582003	0.448216476425	0.469087405352
0.478070199018	0.398029414678	0.39042254851
0.540495739548	0.328226617605	0.436129745563
0.507295822705	0.377770343253	0.405302192369
0.35356298564	0.346299519273	0.556312388749
0.385058588331	0.437808916701	0.405907751794
0.340698309662	0.383067968251	0.510008218993
0.487268112452	0.332326853647	0.454534899911
0.470588694466	0.367041133539	0.446279565823
0.538521184617	0.381135360729	0.380707298178
0.49881415893	0.464408249131	0.33835476717
0.350813006082	0.449882880507	0.433310044992
0.57530514947	0.488887723988	0.263602220637
0.121061696161	0.872551364647	0.115064716189
0.344681452616	0.406336907577	0.473119384642
0.5909967523	0.46976683004	0.275538043924
0.242749030723	0.436846464608	0.549214341814
0.695970249283	0.33302314055	0.323005560936
0.614393094695	0.45656954167	0.252239295077
0.637166555244	0.349500162892	0.329670621554
0.767688698287	0.357579063761	0.232580922275
0.823322805975	0.353888231591	0.179179032283
0.717837524366	0.370541832913	0.251008126515
0.613696629038	0.273206628964	0.45657338182
0.348593695425	0.416619430769	0.474768720368
0.645798961945	0.430727723747	0.261993324413
0.313852138673	0.433651363078	0.476895987394
0.590205604529	0.388138481755	0.344625983971
0.63081529835	0.353174798916	0.326728459757
0.529195417737	0.403314121448	0.383647666878
0.507760449817	0.368324731609	0.409597919839
0.397754856667	0.386754516316	0.486068304403
0.512870223586	0.430748420292	0.357019434034
0.636138435859	0.302251743203	0.402339948211
0.369766023102	0.36414153644	0.506580034998
0.250451949891	0.44657922089	0.518800458666
0.479920463745	0.317457387926	0.448110774683
0.271251373909	0.441066245809	0.507521386872
0.448223194673	0.418293754038	0.40036238483
0.449423783806	0.389516321081	0.443687381094
0.435460802492	0.372981733734	0.468236260379
0.362047253879	0.375915025772	0.518107668872
0.36081332372	0.371933777534	0.498933734562
0.362787944456	0.282576618339	0.599229971837
0.386690509414	0.280641867245	0.603708602117
0.52084366855	0.427458599831	0.342234928508
0.441899870752	0.436508446008	0.374195667781
0.405899434073	0.459401272256	0.368667115012
0.514234249919	0.384579412469	0.378194616183
0.49866721942	0.389559484202	0.384569211688
0.353325968175	0.422858097077	0.469212003454
0.423849948058	0.471316899011	0.376406524119
0.487595866812	0.404741074938	0.373625022385
0.55908411691	0.330829928787	0.406170220877
0.54921164041	0.422751013315	0.33021619558
0.405543987978	0.341407388151	0.504806198606
0.306641704589	0.388712258975	0.533755195403
0.429926673368	0.402203612666	0.420029530348
0.437022263759	0.379332562209	0.421016788486
0.40063717555	0.47628796414	0.372491401051
0.498848023545	0.431235982563	0.355751850028
0.744198345367	0.320180023722	0.26376917554
0.255265346147	0.438769535721	0.407247646931
0.350030825232	0.349979658959	0.514418263379
0.494775686844	0.4422567005	0.371644502138
0.360027882865	0.503441214671	0.388748430309
0.524720268603	0.466099142417	0.335476465514
0.325550788036	0.484119940997	0.451276416754
0.303857432757	0.410455160105	0.524714046812
0.464272571416	0.335230763126	0.481446803344
0.30333779929	0.48131936547	0.394777142234
0.352021031444	0.43992546491	0.446243118704
0.581649389913	0.415475162724	0.315150099074
0.387871317965	0.46740137454	0.397835677431
0.479169167062	0.409211399546	0.384485350166
0.341383563882	0.355324066535	0.565990585159
0.288752447352	0.50355535473	0.428014148362
0.18798494791	0.179220578087	0.835774656667
0.191424386255	0.0672075165169	0.911042057081
0.313794078677	0.428582031656	0.465291610451
0.23794463988	0.429995963102	0.546143070294
0.313788188972	0.383789731321	0.516659892479
0.5336000134	0.429737464007	0.348742916424
0.178936308499	0.427878566969	0.535298572696
0.33112601723	0.430520891376	0.505157165205
0.22769385976	0.156352058691	0.829123900272
0.302839749265	0.243542973781	0.696779542814
0.335209753792	0.29203909765	0.620136539861
0.430612587833	0.339813126025	0.484636985914
0.482966655493	0.411137038134	0.389748178166
0.315331215824	0.331588749297	0.582073600527
0.309852533126	0.480021950033	0.454263600523
0.461886831615	0.440391455954	0.382005301826
0.374779272089	0.22577110064	0.659538802109
0.380157819713	0.451990191342	0.435038731921
0.195548506023	0.328331058537	0.67617543568
0.303337460141	0.355436149336	0.567026238206
0.309987382324	0.326435248931	0.589129208046
0.197931979308	0.429392117749	0.548383345831
0.229035543368	0.140297499785	0.847140487047
0.249708385322	0.224996522667	0.764309057417
0.57914568821	0.354461649157	0.392616550243
0.457054652302	0.426269290853	0.410157807489
0.280707962217	0.313615673675	0.605971873334
0.222646046441	0.350921742678	0.623259503198
0.177212132535	0.179260030228	0.845027342268
0.309565552797	0.184101126199	0.747868171268
0.568353337429	0.339540927073	0.411695724607
0.259863900383	0.250488634104	0.674851289396
0.387946509705	0.32790102016	0.552842629871
0.29424932548	0.356114776325	0.591705986855
0.356466209619	0.312924251625	0.592651128157
0.455953581001	0.447829161601	0.365402210934
0.314861987155	0.361745524179	0.560686252895
0.317415032676	0.393560072753	0.526660907699
0.15283277358	0.551963893053	0.49041274906
0.2493969058	0.240234898713	0.737144365268
0.244516123017	0.242085774808	0.72765923123
0.150810040001	0.499131558897	0.531126071945
0.403249932537	0.339588853721	0.501626643436
0.485195242445	0.379431406408	0.423561164697
0.171845351863	0.443132626422	0.585259038519
0.327017762988	0.399712052806	0.494400064758
0.234507344747	0.429712814637	0.52252587874
0.371984242856	0.460767437011	0.418370036899
0.290975593623	0.210097186515	0.744167292868
0.40284205373	0.427737188895	0.416845093216
0.186192821803	0.241448954956	0.769599186047
0.249922081725	0.482031260214	0.481083050305
0.254380756153	0.282442394977	0.697754069335
0.213242428342	0.35025642242	0.636156444644
0.353672515221	0.380379185416	0.514266585352
0.388907539033	0.45217632241	0.419376345302
0.356974854341	0.27742996842	0.611903648503
0.438139857531	0.137648453732	0.771833384645
0.222753106021	0.317271269055	0.682124405074
0.369610575478	0.436973244912	0.434588427514
0.178061890802	0.158335824936	0.865084477651
0.448601899874	0.0414463110814	0.912851499806
0.264679656529	0.376655808656	0.575893277355
0.250089389133	0.330096086002	0.633409308166
0.175178377575	0.358816012371	0.666270700866
0.453652179793	0.428633660847	0.402234878654
0.270655674438	0.408417787156	0.535300237672
0.370175332442	0.283162685725	0.610556956573
0.286749557644	0.205784768047	0.756825277416
0.319510094362	0.346525612289	0.533816293001
0.231298988746	0.27804293364	0.712548160117
0.585085042281	0.187717296406	0.595885607525
0.419780771938	0.431219893389	0.425340736932
0.314830953015	0.328812971249	0.593871756316
0.266065326362	0.379839423885	0.578874546933
0.232209128898	0.245275960077	0.744676602878
0.323305456294	0.518662528236	0.377710594834
0.288365474145	0.399836883515	0.499399987007
0.313443691138	0.400106109179	0.512534100339
0.352810894559	0.401856880445	0.46301176729
0.210731538191	0.34453387744	0.634879894035
0.392447234203	0.440591406164	0.427446444365
0.44137261305	0.457554659928	0.375472525647
0.18408381321	0.483300634001	0.533959754485
0.517198681846	0.480947928812	0.293179492581
0.52606892752	0.384083212301	0.395020090295
0.500291918556	0.415363438902	0.381628124135
0.394730358623	0.35569288261	0.499295231188
0.377430513238	0.416503823054	0.465847718114
0.384876443985	0.327748905864	0.539755701546
0.191668396752	0.440976080532	0.566638366751
0.299367719416	0.530986900484	0.388677552396
0.290443390805	0.399502885987	0.54794465083
0.320900166203	0.590186894191	0.308683896507
0.426946270531	0.447589207471	0.393297374686
0.471507629645	0.396880855504	0.410471532714
0.521973583267	0.491590340019	0.293051139792
0.290749293725	0.543677771353	0.357709154731
0.29505905945	0.634892899395	0.275101666034
0.537903722876	0.426719797506	0.362970943435
0.215370898879	0.484729120898	0.491626144045
0.328231052037	0.412724669549	0.49228543749
0.246028974655	0.665376235985	0.326416544568
0.487069084798	0.338580903047	0.477163988927
0.256766924849	0.432683649025	0.527215969783
0.409080065638	0.43980452105	0.432227776008
0.327367539537	0.446959696831	0.468447828791
0.34751799358	0.516262598444	0.379028486949
0.271858477786	0.580779080609	0.372192876178
0.311730618848	0.380959106781	0.538598272523
0.365152675794	0.441881984521	0.447759034119
0.381402443625	0.415989600323	0.461154607417
0.395004816	0.466492412054	0.387945324896
0.290066018735	0.387975534227	0.560308677385
0.338022897594	0.475551075227	0.435220259836
0.534099710667	0.347070967493	0.427178370976
0.279010133726	0.416241048076	0.541244120449
0.529764787353	0.465600381462	0.299935914823
0.368138668314	0.4846997207	0.39006347463
0.242487797074	0.448377623366	0.526688441057
0.307891788002	0.408735866415	0.511061206357
0.325867278002	0.286564205645	0.636917891407
0.39478996702	0.424546802205	0.424931969056
0.386941011598	0.350585198605	0.52770036834
0.300594221085	0.306834572211	0.628911027247
0.406705616874	0.413831704179	0.452773934236
0.376116450659	0.469051847355	0.417992589687
0.493147445061	0.411029987674	0.382758974157
0.464360752823	0.447040979702	0.366865441304
0.398309603123	0.539327097471	0.306860917352
0.480084629998	0.445696407916	0.357873686129
0.538037862494	0.430115859154	0.308398726884
0.399653296031	0.433529431549	0.420637202787
0.289621426996	0.398223871436	0.552592829987
0.327047913187	0.370739624587	0.562112187411
0.401343427695	0.482678190676	0.34939218916
0.231349715446	0.538259252708	0.444811128253
0.201296332103	0.603325214609	0.382238199055
0.401102324234	0.470400178916	0.378140771364
0.344604492329	0.471382539604	0.415765055785
0.312831594222	0.498704874442	0.402588073203
0.337290745356	0.446916561333	0.45081934396
0.376167045661	0.440389823452	0.423758141423
0.41535666295	0.4167690609	0.420192039011
0.264466798915	0.398346230352	0.565281851312
0.308021095412	0.485053707688	0.436706962536
0.632779806996	0.34409456901	0.368046395947
0.400035544262	0.421935872179	0.444978305848
0.192408549796	0.586287164274	0.390615118598
0.448024682881	0.55389295553	0.27219444154
0.38550080931	0.434448979562	0.449666940227
0.398396493587	0.360014361496	0.506300470483
0.422506712622	0.418258880566	0.438792617874
0.425718283287	0.442954922575	0.410008337966
0.401902295629	0.395983015693	0.459290721428
0.408482631914	0.371404296791	0.473029763401
0.293652761105	0.514874219352	0.416353795886
0.43187138598	0.435239943271	0.423107810807
0.396544848256	0.485452484375	0.358963660893
0.290956302227	0.518465298507	0.403173097825
0.354348113609	0.449362618243	0.437418241655
0.528731668586	0.452753904339	0.314624799409
0.421131394111	0.462403480273	0.388669392764
0.48261002257	0.260710132419	0.556211929527
0.254918749292	0.508854091666	0.454996563717
0.380973757614	0.455137955915	0.402116680067
0.385652174029	0.432868143312	0.438185863296
0.436437209357	0.360172365382	0.488179167618
0.410167471395	0.405145477276	0.451899353618
0.532917247461	0.464632202785	0.320972689638
0.321420350546	0.447548220128	0.452353234278
0.278323311161	0.471137107683	0.484023289092
0.359999195642	0.348307853235	0.558437702093
0.404621890421	0.389560522904	0.479429681281
0.395902942577	0.415432547744	0.439804259873
0.312738333123	0.516745805851	0.407372787805
0.512112490862	0.333992620546	0.462202499674
0.296759856948	0.43125492737	0.514380328996
0.388910627225	0.509026506088	0.364693032954
0.251928501653	0.659542934136	0.288515059276
0.450196480847	0.439287995099	0.364296013985
0.324121327767	0.397568101531	0.508837827433
0.366686003105	0.463875234901	0.427160925776
0.483476747561	0.349919254384	0.444586769124
0.477869348382	0.357622795981	0.450909977144
0.335525839869	0.487868584412	0.432472087628
0.497598241165	0.364210698988	0.437528683561
0.389937659212	0.431441279624	0.450265537428
0.525638822308	0.465576757207	0.329712378675
0.399347869528	0.442826234433	0.423916193246
0.382087329183	0.400317863003	0.465398241938
0.408383229435	0.442431797043	0.412751504128
0.491979387891	0.363576595587	0.438559995216
0.470507052581	0.361512071408	0.458960207878
0.485625795811	0.387289389368	0.437940020994
0.482132506473	0.487477370608	0.344955401291
0.36859013734	0.524274972705	0.363334793868
0.291965609461	0.329204640122	0.557543681888
0.469512529462	0.484033227838	0.3494296318
0.298257505708	0.446606795547	0.479326451082
0.252266476096	0.468641241348	0.505924161158
0.446694826555	0.381719707703	0.448116597885
0.345263499707	0.457547906976	0.452499274174
0.476438919482	0.312708916819	0.50839590744
0.32522272793	0.344561811024	0.565663566092
0.429613242191	0.408751257627	0.449079899032
0.380268033311	0.449433736636	0.432253375046
0.481469943343	0.469437324278	0.358198505633
0.468321197734	0.298153206123	0.525719960572
0.305333794445	0.387377703306	0.540433094517
0.386328387934	0.497421772301	0.376694105685
0.377558681737	0.420730463929	0.457869371011
0.435671702964	0.216996921426	0.62265019933
0.323461133653	0.460909584974	0.464765188468
0.389981357014	0.406550942315	0.461295984742
0.51660392033	0.402506926559	0.369185825899
0.387883063785	0.825139968809	0.0958658880279
0.379621152127	0.330294685985	0.54922341772
0.404337540795	0.328508955845	0.54490773675
0.322931536597	0.455453751263	0.467940295059
0.375460802181	0.409928635754	0.458893565934
0.380403790953	0.432895929654	0.442800878971
0.495565620879	0.382582998171	0.434997835453
0.712569972617	0.462804845974	0.195532069784
0.233129360429	0.531927186726	0.433734063881
0.409115450129	0.39393004665	0.46784161845
0.398339271286	0.441869606278	0.40785082152
0.552902743181	0.544180343717	0.227995706714
0.33579819408	0.404492789465	0.490404219736
0.36507970438	0.416522211762	0.453454422973
0.490520566805	0.400128903858	0.417442968941
0.624166802069	0.427776022088	0.284326101335
0.403609250965	0.454125374939	0.416149169303
0.278276062766	0.476891221013	0.457160900998
0.473215767597	0.403933966706	0.41764040767
0.432162613263	0.449796440214	0.38906561305
0.599112302656	0.345957179089	0.393182445772
0.346843670786	0.420454649378	0.483165211217
0.509321016136	0.413162494153	0.375472553727
0.433429574129	0.452010457454	0.381129795146
0.420075984052	0.422932246502	0.417417796718
0.307663906977	0.234459271279	0.706489614556
0.474348336179	0.32839074833	0.504122369292
0.5313331601	0.343890906632	0.437745132272
0.464105435722	0.399608370235	0.418886988857
0.274214337163	0.392229159687	0.571540867015
0.31915760794	0.492119602727	0.411456661589
0.345820144402	0.457592123266	0.461696242096
0.343314104186	0.458088610539	0.441489552624
0.445904598161	0.420044965855	0.411962814539
0.48351721049	0.421266140401	0.379258440113
0.517509666505	0.402240779721	0.387540955543
0.286334764598	0.27361306597	0.637636288267
0.207424115459	0.444226457291	0.546426950826
0.320571816385	0.516820724402	0.407954657156
0.236045635647	0.408123643671	0.559814404124
0.2828610326	0.46202967004	0.474978718018
0.451654784599	0.407623539177	0.399034781614
0.399200750492	0.420289479736	0.439793138739
0.274977735658	0.557723977468	0.38405007235
0.247844825553	0.44433114273	0.495431390786
0.326229677548	0.475407656506	0.426750891819
0.329881909401	0.246189358253	0.672909262364
0.547891431154	0.46902331278	0.303856813668
0.230016103131	0.459907909954	0.487217579658
0.297653963767	0.26691311183	0.685015087019
0.379489110519	0.369647733425	0.488188666747
0.402143400128	0.44582137736	0.423327866629
0.351021128863	0.386945304132	0.46118706179
0.488795208774	0.38741000546	0.411700958764
0.37220512414	0.54095531301	0.341310144946
0.335961950137	0.366965149612	0.531038888364
0.478515896532	0.404362647011	0.409433904921
0.5833295669	0.517217944097	0.2252689422
0.494015902596	0.452178082164	0.352026406844
0.454126562871	0.488178046983	0.34990726977
0.594350557354	0.422090674786	0.305701181813
0.604961881596	0.471729728721	0.221009345175
0.409828845608	0.435857522727	0.419853609296
0.680617778949	0.33374454551	0.348393776045
0.566989466586	0.426538311102	0.312954301035
0.533886983252	0.441499795735	0.330303134039
0.40210664476	0.360297059361	0.480906706615
0.421218387116	0.502015371931	0.342013968277
0.509334746644	0.391027378863	0.400918219076
0.497610350659	0.520686469516	0.264283097381
0.379438961325	0.441520902937	0.438326303889
0.43534099455	0.473833959608	0.366191075497
0.532393901206	0.450098249309	0.325795168255
0.503849254366	0.512277103834	0.285119859949
0.346745695002	0.44434844661	0.460663164569
0.521512266882	0.437491629818	0.330844242884
0.389143213888	0.451023678953	0.422248180394
0.741597439776	0.569579507667	0.10370758629
0.647249062604	0.379473980971	0.316948881441
0.353508479538	0.543903075901	0.326838951758
0.272236128133	0.32278314677	0.643437043605
0.539468240707	0.437769003108	0.330721802566
0.399109142257	0.488297877995	0.312633827261
0.564636852567	0.461987771505	0.286402033264
0.44050088474	0.416540824193	0.428673671121
0.612402207486	0.465685026046	0.261442355435
0.298053761512	0.468355574472	0.472202630217
0.474397271796	0.47350592763	0.33721970997
0.572704951681	0.436199800692	0.321602364834
0.604870259913	0.389938493733	0.331378709358
0.65189844278	0.455724932258	0.234874396438
0.511187452433	0.63184448566	0.176043098547
0.580084062807	0.42798081681	0.312587948421
0.630674370694	0.374746869515	0.34129920915
0.575132837892	0.435532629372	0.32453942155
0.652810238013	0.405335048413	0.281843608673
0.631531530743	0.434021098913	0.270956442715
0.414456204817	0.484212977688	0.346755435205
0.84053924014	0.47110353419	0.108899281726
0.518463395533	0.418445977935	0.329061278969
0.498345817892	0.431369505859	0.360543564766
0.532474191018	0.459742688629	0.288691823822
0.512394395142	0.51920974758	0.257538095851
0.588356781011	0.44837848018	0.29663715477
0.466910828561	0.453549222249	0.376890560256
0.34715732229	0.488398992783	0.401412201109
0.443641547484	0.52767119345	0.283347340757
0.452733959726	0.290938219239	0.534058643498
0.733667873662	0.412493643674	0.213626240757
0.546703882857	0.449174130645	0.294000621789
0.342698332982	0.351763541213	0.562576018147
0.429437640841	0.376824563722	0.476194699611
0.539194871022	0.401104535524	0.363336343207
0.550344244215	0.478535029551	0.282848050364
0.502399953618	0.431493203213	0.334820949296
0.42386456943	0.422573515766	0.421747834899
0.455581542259	0.494395639263	0.315527833225
0.64117482611	0.512779350396	0.210307792039
0.25036200451	0.547420449125	0.416054920833
0.523622876354	0.53247637117	0.247144484919
0.263462664774	0.563015536464	0.39942239219
0.450043473659	0.498853342575	0.340052714618
0.796452265494	0.334300440316	0.239158393349
0.715982291345	0.350146171108	0.292153018303
0.800924684603	0.305722639735	0.279090689106
0.434982258208	0.535637387283	0.297677733569
0.339067506975	0.540490612059	0.353426336167
0.414292941615	0.442640096139	0.398227304436
0.606473451528	0.539857519207	0.169492122196
0.596092862757	0.463080866457	0.290078312919
0.562489740279	0.369102004381	0.380411904575
0.612522127245	0.404519624542	0.285740783368
0.492031962234	0.443537458012	0.338998938333
0.538923202834	0.41162136106	0.352365112818
0.302397710254	0.549294886275	0.349154370278
0.61019311189	0.429017728329	0.281215530343
0.490102185705	0.414018390789	0.36644873915
0.590740600022	0.380733742217	0.352544143188
0.594450632771	0.60572754458	0.170855559465
0.598378921174	0.343828018401	0.384805939524
0.687920026515	0.424090967462	0.240413029723
0.69684576432	0.3217147387	0.340176810402
0.498016255275	0.413095663202	0.395707621961
0.546124470878	0.480697817871	0.289526596674
0.252313956912	0.425893089239	0.546431143211
0.584941661805	0.450718606748	0.265184559031
0.337550211159	0.310562725013	0.577062921014
0.539362510354	0.451315783958	0.293410950837
0.633067519922	0.395109398337	0.314037196811
0.609326888733	0.385419634398	0.337160817856
0.359592676507	0.547487829474	0.325123700709
0.425303265554	0.495199771683	0.354619633295
0.414034604515	0.35840974758	0.495013505236
0.39918165518	0.431079111258	0.432871656502
0.626225631685	0.405297004422	0.311589597845
0.548156440011	0.516216236609	0.260891167287
0.386014512437	0.458485595909	0.373463329598
0.274502626676	0.309143460442	0.634148296422
0.275566928041	0.488030490237	0.441418669088
0.356099936232	0.460563234945	0.422323723326
0.316457742605	0.429507724431	0.495398203326
0.289292606113	0.556410655712	0.375816737894
0.470768689859	0.472042140695	0.329782118524
0.266462519626	0.258583376355	0.706293375409
0.396297350709	0.43660701178	0.425174155
0.392404524315	0.369736611539	0.505900872851
0.407585650436	0.434578959887	0.426877808894
0.426540628046	0.395914194732	0.4437490189
0.455607815771	0.514460996774	0.304831596767
0.471750697814	0.416891979354	0.380876949854
0.660008274261	0.583353221086	0.123514424549
0.449124968318	0.519018567434	0.323987203004
0.67261198939	0.454090966955	0.224102549826
0.274018380346	0.388975267856	0.571423532832
0.628157040496	0.431506754337	0.252838862726
0.645912594705	0.447075669412	0.261129349087
0.34384191699	0.399658709612	0.494264070828
0.219073868413	0.429329925776	0.535516020628
0.294108036677	0.436490289264	0.483643737141
0.629730541675	0.358832242806	0.346398736573
0.275314959627	0.0709047998468	0.912813169237
0.832103963261	0.251776976392	0.283260477653
0.451483075855	0.450926549794	0.385615851367
0.337192411978	0.467972294688	0.426611886323
0.578986819043	0.416530583072	0.328420805692
0.625852414246	0.415486026413	0.295786554998
0.398785335644	0.422154000186	0.444117156098
0.291731096387	0.392794849673	0.52617213171
0.316795438408	0.391798801633	0.537764560814
0.456627967636	0.390618034933	0.433328591608
0.678386958899	0.416582522603	0.246849180157
0.89358739901	0.412912870236	0.102687094741
0.484385691908	0.451890112139	0.349659980546
0.344633804474	0.516422430367	0.363384254736
0.367074126118	0.35993272856	0.535356613326
0.427804813326	0.439757884021	0.400100271721
0.5866442758	0.350871790523	0.379193494051
0.569802752273	0.529708284624	0.216469079166
0.482288562195	0.361581253725	0.441784501826
0.525927870393	0.439378097435	0.328199181142
0.494160000407	0.445108753407	0.337691478675
0.614275560103	0.214227705157	0.531482110897
0.46210237634	0.422966196714	0.391791445498
0.494278617352	0.276034044187	0.539353839052
0.41257518281	0.309178656774	0.540779119506
0.481328444636	0.340928717231	0.463820967641
0.439317504047	0.440519276659	0.400149550809
0.51829621171	0.389428094155	0.369670954878
0.471640697762	0.503206967225	0.3020679629
0.35195561006	0.472030298286	0.383887658877
0.407115712522	0.43552298665	0.409400088545
0.50807295191	0.429234889934	0.36011356453
0.373337565328	0.443278702284	0.431133790639
0.605321160223	0.441505029583	0.282484548622
0.4340902482	0.442290178244	0.404519350544
0.35877577731	0.433068395078	0.460172558029
0.623185634927	0.379007640847	0.328323078165
0.440254190029	0.426667962702	0.410642106094
0.425728191318	0.411082654451	0.426688669724
0.299037067475	0.438786507965	0.479958208413
0.585975703006	0.437278202706	0.305230818881
0.543504165368	0.435296341637	0.332552781923
0.602682373724	0.373853395316	0.345936496645
0.45844637012	0.32962185795	0.477581988234
0.444783400132	0.388635565827	0.443823685944
0.354379588006	0.498199616641	0.385575052295
0.454881561323	0.346477275282	0.488091017175
0.514944132032	0.509116310507	0.294830847563
0.306752282296	0.104107330228	0.827661171522
0.43691307231	0.434574382853	0.401163765348
0.422207167529	0.429050982465	0.417938129933
0.390006700113	0.54625206425	0.32472838931
0.569500829061	0.524235278123	0.20498036105
0.367055368538	0.583362154945	0.293894392201
0.621798923765	0.549121640064	0.1916130163
0.441016148451	0.481434882611	0.36687415846
0.470503359886	0.498725092643	0.336147438076
0.508210592807	0.387117493875	0.388560379745
0.504168918251	0.423012347728	0.377850740878
0.439473855095	0.447801037222	0.382987072608
0.601809038272	0.587436820863	0.17997321545
0.517904295835	0.470176287507	0.316153843984
0.492806397857	0.514211771609	0.309111872592
0.389591417064	0.523091277017	0.363166806008
0.589440310168	0.394484400371	0.350390284046
0.4494102962	0.610102650092	0.205661349696
0.431408386235	0.465724660789	0.36596255452
0.342512369056	0.528800285469	0.357807535005
0.415345009118	0.434061238888	0.409000907573
0.481823380658	0.717524111057	0.126259423593
0.55767711715	0.494087556609	0.225243617549
0.436321270204	0.446684357497	0.392694619912
0.443990752772	0.423525345622	0.413597554541
0.388983430686	0.686313605951	0.197167012818
0.360214233616	0.680447208049	0.208583772582
0.375322367681	0.55842864394	0.330498506906
0.63597287427	0.471617558373	0.23563675109
0.449461033391	0.530521902076	0.270790759244
0.403641262919	0.511904679232	0.342262459136
0.417347430909	0.53731227471	0.301972972134
0.382327737777	0.579760798759	0.290173198727
0.467798826092	0.539396719913	0.291485246537
0.511374682416	0.483539283055	0.286780667908
0.453866737635	0.739464072766	0.124150300279
0.474852677462	0.605602979724	0.196840581529
0.526163483755	0.399285956396	0.377406519332
0.569463551404	0.493085092319	0.268308401978
0.500176062614	0.587103657941	0.224483731669
0.462074681263	0.454808764926	0.355741655628
0.607544382127	0.55084657882	0.202561651066
0.448615579853	0.545234063259	0.272857925996
0.527199714473	0.373472144143	0.39647817178
0.497971631992	0.36937674399	0.42740893638
0.46182495913	0.436263618601	0.397761390561
0.408720022272	0.487354314312	0.353806135196
0.468215034809	0.407478339103	0.403525872135
0.367600254506	0.475387338602	0.405865063945
0.416864154161	0.401516439002	0.406496335343
0.427893082054	0.522488456852	0.319413080383
0.366407259899	0.47714043517	0.39117436201
0.575978358962	0.55945089578	0.195925510981
0.614023506592	0.551101380963	0.184545022548
0.31783926649	0.383540423892	0.52032353847
0.373369438042	0.510517759563	0.364876495905
0.45250834509	0.47374185109	0.340075859992
0.527161980637	0.4131249152	0.364482369008
0.403450553132	0.421967409201	0.432954952555
0.407158627268	0.617477350169	0.207650481971
0.371789952375	0.499262425573	0.386496393328
0.462144462049	0.482909034242	0.323151737135
0.432803724427	0.610521001559	0.218130281479
0.347290093356	0.533539049908	0.372336132229
0.399261201411	0.427725735335	0.418170934788
0.324675553748	0.539190977357	0.376042633751
0.448741735257	0.442778429674	0.369985517248
0.560504222187	0.46202277424	0.307616160648
0.479504853184	0.468808119378	0.338245873449
0.441350004638	0.576118771184	0.272072228806
0.491789791792	0.442131114011	0.350014457403
0.303993843598	0.34489813074	0.580367704901
0.48979315031	0.386074541722	0.423628962482
0.609221202169	0.541050613788	0.208900976858
0.411703983537	0.538413281903	0.334173976524
0.475688911098	0.458463587852	0.342891787308
0.591801550798	0.54099623979	0.189448495846
0.465926947521	0.418420007882	0.37884390481
0.55456879859	0.479361924415	0.265402218285
0.492303242396	0.46607412886	0.347292279482
0.31543946632	0.683304368938	0.23096699298
0.496162537735	0.441091316225	0.362607208145
0.494523964607	0.589237108111	0.223663790497
0.584904274199	0.443497983535	0.304501681202
0.373800129136	0.43809786076	0.426614419222
0.325353618637	0.462685294197	0.459936502332
0.386736702046	0.466234936299	0.402070199446
0.433856083124	0.488351183554	0.330226724997
0.516083922251	0.429489681018	0.348454055696
0.407437893991	0.370648360523	0.482421577976
0.43024845499	0.415437467339	0.426371310343
0.41086464021	0.581812537557	0.281526683034
0.216244445303	0.453608245791	0.512583636811
0.436812058713	0.43498321299	0.413200239279
0.404295229827	0.474282505393	0.359335861213
0.546110207357	0.374581936127	0.383430211597
0.476202267039	0.518830151139	0.293350820556
0.530568918668	0.420129435773	0.350263200716
0.508119194252	0.423544528618	0.365230872136
0.459922848854	0.417337711974	0.39658094916
0.378892970359	0.499588489515	0.379328219746
0.475475596593	0.39342166876	0.425789708714
0.302770607935	0.531395864118	0.384002392105
0.500001307584	0.440208037035	0.360498079536
0.45193523491	0.465298516099	0.366657492546
0.655183229142	0.422935515214	0.257321132556
0.431649580791	0.547724845986	0.303955417552
0.417291241244	0.457767283719	0.387278587782
0.377326709284	0.334186591292	0.536291271627
0.29109021563	0.645577610799	0.280121331809
0.434962067777	0.488631212691	0.351113088678
0.564781416998	0.43095639482	0.323804103628
0.53258548646	0.445757985015	0.332503980582
0.554850188064	0.434196773386	0.314552432369
0.479156294023	0.430379142976	0.390817609033
0.412747001051	0.42715172483	0.379306133721
0.297216854799	0.412058067784	0.527832780356
0.382173452269	0.395348274987	0.491923054947
0.504578185538	0.464206947516	0.331153584379
0.367283708983	0.4438941958	0.422981378766
0.38240857982	0.492436514037	0.356226880415
0.607334521336	0.312588303805	0.383271802789
0.309310108528	0.463183584397	0.453614256467
0.717040983632	0.399336003673	0.261259746868
0.619443746651	0.354413796556	0.361541114852
0.378099807442	0.426287244115	0.439879374231
0.438212027969	0.441699738551	0.389152288484
0.538120230356	0.491153830535	0.291088317307
0.402093750961	0.413645536063	0.450848797723
0.551344396099	0.399503570044	0.333311465702
0.454126562871	0.488178046983	0.34990726977
0.724830172768	0.389915884663	0.255363345581
0.304403468623	0.457235308391	0.458859051196
0.410132173329	0.469538010985	0.381649611521
0.530601863098	0.448256806332	0.325444418534
0.446974991416	0.407748377061	0.407985065409
0.38198423459	0.467053535337	0.392430542579
0.346745695002	0.44434844661	0.460663164569
0.379880782335	0.513147245335	0.352007414472
0.423108005925	0.539846501057	0.304557298158
0.541595755077	0.395034427234	0.385176455462
0.385685734949	0.417196569907	0.454551956295
0.553302909689	0.374043766051	0.391345946304
0.657912419842	0.421315848055	0.276446651027
0.489900600283	0.370101084971	0.428485265508
0.403653349604	0.464766372515	0.359685143823
0.539584677263	0.482608542237	0.284308747413
0.511451046185	0.446528852686	0.333715943538
0.441419261827	0.364184998952	0.455218641671
0.393390093807	0.599135497966	0.272258024717
0.566895007568	0.481869564075	0.276111116551
0.467945774101	0.478871178643	0.330410156675
0.462753878503	0.527311723274	0.310579346092
0.652511598175	0.384174133505	0.317048485648
0.396586939098	0.591470396857	0.283217334635
0.808966735909	0.28563063546	0.262802525417
0.516938965984	0.42941779158	0.306413520439
0.289214757533	0.526498598162	0.384270672391
0.715403161885	0.392824210348	0.252270978355
0.348268571007	0.458782592865	0.433600892003
0.65923112096	0.458025555414	0.244666113231
0.530768584809	0.390911325739	0.395038300182
0.589225099025	0.48421681255	0.252239201777
0.509254496624	0.368260519817	0.394912405323
0.487160002314	0.358402587736	0.44316798062
0.422973924386	0.276922592933	0.561717899871
0.592881674266	0.46513739218	0.278871580541
0.535380484576	0.486218756236	0.292038749603
0.277037187684	0.345933899806	0.595991006841
0.400183571057	0.327586148206	0.536368788058
0.487832337521	0.402530037432	0.384053656035
0.153008403544	0.197315695485	0.835062508888
0.562002504933	0.466047659365	0.293258947498
0.23505090205	0.2861449795	0.6976282638
0.443440939915	0.555334307406	0.262988440877
0.409554565775	0.478337852242	0.370487771804
0.293259449691	0.441147991654	0.499295611982
0.319831123598	0.393945997957	0.529040976827
0.3650096004	0.408793111896	0.478232721705
0.246154565189	0.359125157166	0.611359896304
0.547032726813	0.47775775642	0.302165739809
0.491851301838	0.438547981017	0.367892489554
0.345592458842	0.432700400446	0.457822765805
0.36506576958	0.365841732316	0.523244260681
0.247898068549	0.310315541139	0.646737831309
0.405451329385	0.383660030382	0.46185339575
0.430347887452	0.350642686303	0.497159528191
0.526261511453	0.368769944034	0.423263664889
0.380083607517	0.42482226141	0.457595179859
0.418340817487	0.475713591147	0.384359126188
0.233818051863	0.481983068562	0.506306598868
0.358862654942	0.3421656601	0.558550754682
0.411630459285	0.520731953243	0.329459033733
0.304520964283	0.376761788738	0.548769043538
0.341206862522	0.479302213373	0.441001999678
0.309704929458	0.353989783072	0.582385022983
0.281769489621	0.41364503843	0.550349224813
0.256672329674	0.36394791026	0.607867787809
0.274533150886	0.395117739663	0.532734097154
0.447244859446	0.281287526382	0.560080200432
0.414712324918	0.3893661502	0.450434058223
0.302849087981	0.447055897269	0.484966311415
0.364631729321	0.40072901661	0.474876176335
0.235457980613	0.234100789671	0.727605661829
0.355800404129	0.492349674215	0.408882259565
0.342585002388	0.411691560372	0.486144061848
0.342861915028	0.391107342034	0.511159029775
0.385168729602	0.427379134843	0.432324151664
0.334610728979	0.420547096636	0.484000192059
0.228741446602	0.349285160308	0.618681297602
0.592350534611	0.36579050373	0.366473708673
0.371178092118	0.35857734124	0.496358874433
0.389784220043	0.315324463554	0.549917666468
0.283781515216	0.442053029823	0.500402980889
0.250436888314	0.344973992006	0.611348299446
0.408628570778	0.444823058425	0.401599609312
0.301750652291	0.403456521871	0.524225319329
0.477657541456	0.378938782295	0.436019383591
0.281975312376	0.280222290337	0.682350480481
0.553019844435	0.393772901261	0.347336815521
0.408315033047	0.463305542288	0.391800432461
0.265331973886	0.366293619607	0.609610118421
0.419022661994	0.401349711875	0.455040794615
0.474324324072	0.492982991036	0.329937279047
0.385748281364	0.436091577765	0.435090155279
0.519906638671	0.437327815967	0.344547483255
0.345864971957	0.342431526278	0.562319819764
0.380559331354	0.536163625201	0.350232664645
0.376646064362	0.408151353795	0.475282147196
0.267519951704	0.187367597422	0.78078830196
0.470853785276	0.312294538396	0.527010743271
0.390964053859	0.389934815309	0.481487925012
0.278972755121	0.267337838184	0.659259715928
0.204381762533	0.45261992987	0.555331119331
0.255556676	0.400712124316	0.542293057344
0.633529173782	0.343275124155	0.376706195152
0.293152494083	0.393688035649	0.548920462172
0.485039702834	0.372901525544	0.443291579741
0.437808938474	0.392705998851	0.440872703328
0.409820379907	0.504801590056	0.353063034877
0.400745993982	0.464313298544	0.385529676154
0.451719568991	0.392353580218	0.434203947358
0.423251840972	0.437095273165	0.414283109242
0.358063062484	0.62622880588	0.271544479473
0.502900759133	0.499751934993	0.303852598886
0.475596598618	0.331662742406	0.481736979004
0.276712997002	0.432245312219	0.431047616538
0.455824992525	0.402817558443	0.423338850693
0.36729002555	0.395728562924	0.501029794206
0.366210194898	0.506380894409	0.38050407514
0.284867754895	0.397536967732	0.539228510078
0.421396711849	0.363665195556	0.502030967484
0.425359310506	0.364050715969	0.489920285847
0.584896183162	0.246396879679	0.526684421306
0.647246312156	0.299163555211	0.375231779124
0.278440060387	0.428918229684	0.508875846448
0.306313918325	0.482346110028	0.45038293634
0.432949765187	0.356257688922	0.426182433846
0.511597575647	0.445307800044	0.337830675119
0.396826725316	0.447489401298	0.412282245641
0.447413125396	0.312577905635	0.530330364436
0.409784292661	0.394695008494	0.464122530017
0.525333091768	0.366920446348	0.423636645744
0.592093466601	0.397220340562	0.326991159294
0.510213916546	0.407191399039	0.36417545831
0.333674861706	0.417164529937	0.48611562306
0.509587255873	0.353654675032	0.432096119513
0.324368507099	0.450817276628	0.433482758421
0.347162467714	0.436183476862	0.460794512325
0.436805461296	0.425173023318	0.41247895578
0.526888266785	0.236701387842	0.564544049764
0.310878443773	0.441897921232	0.474905558098
0.535607149141	0.442474227975	0.335172053562
0.310329320739	0.372647398502	0.553703457008
0.390100876552	0.492433445102	0.373454307321
0.652490980661	0.275094261619	0.426537083882
0.370682910604	0.433865985477	0.451675885657
0.261816622581	0.477663050772	0.489445426639
0.406614953514	0.6134584654	0.235509671145
0.585737364756	0.4195063783	0.33385322064
0.45878342826	0.424443888964	0.392290970655
0.47063076265	0.407562728695	0.414450880749
0.408591829976	0.38526565673	0.482268754651
0.308143007101	0.371310366646	0.557458273778
0.355605183037	0.441141372164	0.45712090849
0.496760833629	0.464398623212	0.323866573577
0.534340806414	0.603606021621	0.183017971241
0.253185291074	0.283966635142	0.672655369712
0.426786288512	0.437536948365	0.408418136196
0.356861871923	0.430051001643	0.450497320855
0.420553374465	0.444462627174	0.415534266624
0.349651221	0.387794627763	0.487751169118
0.470294371479	0.462039008415	0.351428647013
0.225599841895	0.349604208078	0.653265456033
0.407722750796	0.416457482421	0.422941947877
0.215190586027	0.277819425283	0.719225851735
0.442602254227	0.307266450688	0.510930001453
0.300522445701	0.409777565036	0.530989685206
0.415154955164	0.435127354949	0.430280336491
0.553356861666	0.410712291427	0.331393195956
0.324381211241	0.462372322524	0.459789021069
0.412601218111	0.322976083947	0.565059922844
0.334039872004	0.352019092779	0.56458518623
0.610335668325	0.610514345857	0.133114223934
0.429629288427	0.456984990659	0.389065164262
0.299496352899	0.338573347231	0.565953704607
0.484885920338	0.380289466128	0.417694520626
0.354450588711	0.39911305354	0.490368768245
0.173654227795	0.268771549212	0.757607238509
0.392463305349	0.487757766135	0.386278221029
0.421835355704	0.5566773022	0.304501899447
0.355346855729	0.396660457779	0.507544699875
0.449841836322	0.414474908862	0.409187117823
0.350370377198	0.377327528054	0.520034347512
0.313115036904	0.289902397234	0.620434108452
0.336056079583	0.429058172819	0.482183589601
0.284855940448	0.520871178444	0.420494272681
0.654373608382	0.43569727966	0.271042112655
0.50984117493	0.285413642561	0.498664841215
0.256385289861	0.523516824304	0.426968339672
0.509602242495	0.427269496713	0.375859252419
0.440651877874	0.128895692704	0.780366823087
0.354572051449	0.425306148131	0.475842017076
0.304675389777	0.180397267389	0.776201657959
0.349504278508	0.543878924696	0.35542673428
0.481055120102	0.384304757013	0.430318629441
0.391037549329	0.368155323739	0.501470763103
0.366692115272	0.421937978679	0.464846118494
0.592398060059	0.294222245637	0.437623156687
0.255705176072	0.329814568026	0.636698232158
0.420108048954	0.349865715095	0.509160732857
0.236857733629	0.325337823885	0.63496197261
0.280276637919	0.341581644333	0.579647574612
0.45543314065	0.403393530124	0.421184214163
0.473432422818	0.358238060292	0.450393975327
0.271082167885	0.449706369347	0.508481022188
0.362168205907	0.437911340255	0.456177805537
0.416023711987	0.409182833771	0.440293145873
0.34104642326	0.453894704738	0.432628965992
0.452339919337	0.447281465751	0.395022051453
0.398690423777	0.446140048703	0.407907615802
0.49814459014	0.387538214342	0.412098075499
0.38944420211	0.495079386797	0.372391142209
0.227188673711	0.359534585101	0.607347639164
0.292307118786	0.377165866019	0.555756688378
0.222969007358	0.439548000911	0.564426300103
0.264309320872	0.479712687149	0.472544292019
0.131249350072	0.524066590139	0.531505568878
0.211950434597	0.246287193253	0.765916663646
0.265596913395	0.490162245364	0.39745219786
0.157000212174	0.625530471935	0.407557243581
0.420805911685	0.42117946792	0.427332221307
0.370040958192	0.425833867328	0.442602996505
0.239032313084	0.512529952561	0.466494398778
0.211211693343	0.687487999541	0.277571658914
0.339056439661	0.415813541385	0.478392790557
0.32257626441	0.393264235014	0.507965788827
0.232438422693	0.273965041012	0.71753078051
0.207545818493	0.349073639208	0.653270652598
0.387244994274	0.44272929559	0.424835946096
0.274156102191	0.336256842328	0.60578273841
0.331975400102	0.470131269673	0.433105019662
0.35782782386	0.449826446742	0.450105060029
0.265269092643	0.474635147385	0.472419539282
0.324463862341	0.335026510303	0.518416674347
0.418939066751	0.297119203834	0.560238715969
0.309953309777	0.462500506441	0.460590601152
0.26298766891	0.383877079661	0.55907879201
0.261809710053	0.440756445732	0.492462955021
0.333100905784	0.485382380539	0.404956069312
0.357628707146	0.486427589665	0.416791830887
0.218339639611	0.531754739972	0.447214840173
0.161928950505	0.523461261781	0.520212015143
0.296105017383	0.539101892482	0.392573814721
0.291389511694	0.431742532578	0.487557455644
0.191332849851	0.410526376712	0.556159895683
0.478972854216	0.443659147151	0.372982658241
0.196907496288	0.284066695742	0.715940262143
0.280900018751	0.398918877902	0.492499742336
0.381184482168	0.554253802838	0.336975055569
0.452924737925	0.319870218589	0.506861463847
0.366474710973	0.456293859797	0.433568664958
0.328414925976	0.423975724475	0.479031587346
0.19056604712	0.378398468941	0.628822893478
0.188620828682	0.551877485913	0.44373010601
0.317125644169	0.390474258397	0.548987830308
0.217439042273	0.303806853942	0.675985466983
0.295876676738	0.325034545749	0.599597518713
0.11335523807	0.372266324092	0.708802991353
0.301070564498	0.465129479207	0.482896342473
0.410498937548	0.389439161514	0.450478424315
0.273179898235	0.456168329369	0.492153928869
0.294656651931	0.396089459768	0.535607008166
0.282977047862	0.401037611804	0.541396593936
0.31247174844	0.612402563513	0.31063012596
0.213351943029	0.409640338124	0.579098187384
0.373951934649	0.540167881371	0.35426220967
0.390195435139	0.464453818297	0.385228151636
0.303865052835	0.38528751787	0.529314185399
0.399606237628	0.596879944732	0.246444423801
0.291296506448	0.366026452083	0.571162196621
0.235202545579	0.512291948508	0.451315066528
0.393154377274	0.455082576536	0.414962540349
0.257414521026	0.429480900085	0.524593943157
0.162572621652	0.428119529753	0.58054165596
0.232281562719	0.17230296587	0.790103643785
0.107452517752	0.397208549613	0.680944699212
0.616940910995	0.467591887705	0.238134723992
0.301631163982	0.47036298068	0.439316763668
0.52154973238	0.470909254154	0.314246980456
0.655937521585	0.553465778777	0.117022102835
0.413687398135	0.518728493391	0.340094776925
0.574972051988	0.696817359496	0.10115909097
0.346186252077	0.575893769496	0.326991559659
0.270849291509	0.366288541097	0.570071710858
0.255384621143	0.369049947666	0.594749761393
0.274083829323	0.477726809487	0.463891487398
0.404788839061	0.333309003515	0.512665715008
0.168281995015	0.420323918609	0.608820008301
0.218921205216	0.602005209895	0.37557254614
0.312712406793	0.409992360134	0.518332359502
0.36739786302	0.465868614673	0.420570390953
0.29157792146	0.502803702647	0.431518502171
0.432468426624	0.415813667076	0.412680701537
0.453131432386	0.542691733345	0.251822491115
0.441757819999	0.461012869677	0.37573162682
0.369853526831	0.437098144405	0.462139768838
0.270304545293	0.444002423978	0.50012894418
0.436452220348	0.414613396819	0.423212390421
0.471477070381	0.489113717068	0.335626636712
0.305749913345	0.439057049112	0.478976054983
0.492293368735	0.485547162141	0.309067613091
0.360157328941	0.540431265344	0.338388673437
0.618413905181	0.604660136327	0.139958457542
0.332953042703	0.383588146098	0.510583514167
0.443130140645	0.440841552758	0.39077628032
0.386332152418	0.408098006525	0.451580230647
0.514753664524	0.496880740244	0.299721914081
0.20843855346	0.583831900954	0.387798319734
0.511127190293	0.456074293715	0.321333346748
0.38137990904	0.382450589378	0.494772990659
0.49589785445	0.465953646198	0.337472335066
0.383116265734	0.387799202975	0.480011383185
0.275881827271	0.452506780641	0.502917431483
0.449274430408	0.438797841977	0.390275848126
0.460697304674	0.440363421293	0.361397222347
0.493248896476	0.49921164575	0.311988475443
0.378222269349	0.451920826436	0.381326847036
0.365010617501	0.499860348244	0.36326284017
0.452835698296	0.472451049757	0.332530486092
0.428872691341	0.48317316142	0.358492849982
0.439903099093	0.43763498875	0.405120231426
0.457776386116	0.509981305813	0.320296013251
0.340990032963	0.399528910932	0.504844307549
0.503536396824	0.473389761425	0.329344659566
0.344549342679	0.32956823159	0.570074159831
0.408028769973	0.459636203923	0.398858010946
0.475430612196	0.478799834804	0.332768063675
0.398795614205	0.372753651988	0.480682219093
0.174290600868	0.458450546061	0.566382340698
0.393356941191	0.54421299337	0.326580687886
0.343834848062	0.403396268436	0.490730081308
0.514516884662	0.254783821821	0.517380523774
0.39565122104	0.369909846079	0.487841249831
0.431426219857	0.453745810668	0.336075611871
0.388441051216	0.437276342684	0.436845442634
0.335106332678	0.452532354576	0.46175086198
0.536046044523	0.537021570064	0.254964961967
0.39765325328	0.488891987141	0.355035800849
0.421519409206	0.520423602187	0.310256680942
0.432302603361	0.414207843638	0.428332740699
0.537670913023	0.394144877939	0.379628541399
0.468753706499	0.445819658183	0.364205979224
0.470067310585	0.426270446594	0.34411675351
0.388295331944	0.471432812546	0.374723765112
0.408787731775	0.461220802572	0.39956748773
0.269043220345	0.489722936523	0.462545987256
0.490453176782	0.369454323	0.430197361412
0.421607466949	0.496450840005	0.355411710213
0.382361506734	0.465431732067	0.402564220068
0.429154217459	0.497109056093	0.330376932827
0.214406312497	0.593416224309	0.353633760342
0.234626940208	0.463085804076	0.505567630711
0.46141723412	0.514107374546	0.310471733564
0.569293999013	0.51056161118	0.242342897535
0.317760259607	0.486927297251	0.413251845076
0.49965437032	0.41222385673	0.382403208364
0.615472072886	0.324136684249	0.389396692255
0.532624267131	0.483270698504	0.295759400174
0.320018864297	0.47938976895	0.429697479098
0.381640708672	0.425951524465	0.440796930774
0.484011551859	0.554171378788	0.240711761587
0.297567862037	0.432134413508	0.497700643621
0.349963693587	0.398234617045	0.502065487305
0.335326103254	0.421128179556	0.48638527856
0.36954089101	0.44805972247	0.434062806796
0.372505141631	0.403460939598	0.471387570691
0.399392734291	0.522245798829	0.316873653616
0.481889737177	0.479672155606	0.314475225283
0.439084708047	0.442046567028	0.381247548877
0.312209385446	0.39217313654	0.497107145448
0.406793628137	0.469533623283	0.377733239324
0.25224954215	0.432645946845	0.521613279279
0.564876785419	0.458872465618	0.299174968731
0.33784327423	0.558060296584	0.345578958992
0.305379122884	0.466789297779	0.450426686906
0.448874271611	0.435094831312	0.404644556741
0.490926623065	0.491147157418	0.318049845691
0.160171161373	0.324692589523	0.721418310709
0.328650526987	0.488000365851	0.428555453322
0.289262538817	0.52826464653	0.419089197506
0.551413726504	0.391962024926	0.372990849769
0.548285082691	0.418921545892	0.339715825385
0.310129837862	0.619044186789	0.276135713564
0.426299216038	0.460405607295	0.395686324294
0.202347925866	0.519259083845	0.472213229216
0.396482313636	0.386412228515	0.471787957546
0.540388414367	0.351718548106	0.42474423728
0.335785581612	0.588539739876	0.323765958099
0.238713822618	0.482484774722	0.486379684742
0.372276141826	0.368663712797	0.515527230287
0.360788279463	0.387368154503	0.515393660418
0.45370409244	0.469503385482	0.36941330253
0.318384486197	0.463851502978	0.463582900517
0.375229416823	0.500255728127	0.353175221956
0.205328004175	0.377537509686	0.610883393505
0.178214513236	0.617424414189	0.41108918859
0.461578188707	0.501988820749	0.314980066226
0.434835987432	0.428424095495	0.418229362437
0.298438046487	0.467241463972	0.462274545515
0.278421083457	0.422219199958	0.511748010315
0.566849297305	0.400620839427	0.33313331668
0.501534188877	0.392077163948	0.395361807105
0.372896091734	0.489458600686	0.389564597517
0.537357732826	0.363465545033	0.40869336429
0.36168072019	0.588122303453	0.301996644129
0.305491328175	0.453486449101	0.471041842691
0.451734507393	0.445717837928	0.377449079276
0.30206867432	0.427499072216	0.509297559972
0.358165486007	0.453034989409	0.428165495024
0.292107239715	0.474479636467	0.472896883849
0.264230602091	0.596867316299	0.312139433881
0.315102473825	0.503271370304	0.387593660427
0.351277446788	0.348525820162	0.565246276509
0.600815160025	0.472983426838	0.260755797167
0.565633698217	0.402411167509	0.359406433956
0.35896483048	0.498427713804	0.385239267406
0.290771442805	0.28078747728	0.673478140133
0.54331177241	0.383006055484	0.358648013944
0.510044867596	0.40901340128	0.382684696692
0.40639999852	0.532929617773	0.335161988625
0.471934661736	0.541189451406	0.272861285248
0.452072804485	0.353119700018	0.474713748615
0.29967421546	0.408763357668	0.522071271901
0.484235090956	0.34265178184	0.467487637549
0.411002891525	0.555913688997	0.301275926411
0.538092392936	0.437722840711	0.343791424313
0.330035656061	0.489724428154	0.416394296886
0.320235624158	0.392319912395	0.525580054087
0.341443252569	0.389486775018	0.515618429528
0.433384128981	0.384072666486	0.460052207328
0.360378109823	0.434121206458	0.439514986177
0.362273880888	0.470961329217	0.399860659402
0.512060711525	0.333583661598	0.453988775638
0.35325368849	0.38255221166	0.504610413168
0.252739984048	0.478547635485	0.49020108326
0.299635712695	0.388971920563	0.552721281339
0.372948679385	0.465551421434	0.416651877293
0.213310593898	0.490223082268	0.490448403997
0.287238974968	0.375901795736	0.572749655139
0.416131064098	0.434275307979	0.422200145972
0.336128635762	0.444693944331	0.475574977521
0.391728068522	0.39061116212	0.482857622965
0.575374772885	0.396638410822	0.341859722361
0.377234788936	0.378815788584	0.492747093464
0.238141921851	0.513969042769	0.463652743392
0.311787901275	0.426065300797	0.491587006362
0.31173493173	0.426519971276	0.493358474889
0.484215950845	0.509509878879	0.309864278834
0.526335061014	0.429450161564	0.344078496647
0.321113267568	0.356892673685	0.564657245203
0.337734933625	0.483306420527	0.413623045339
0.308945629569	0.376396799625	0.54721307062
0.274021608962	0.503534984498	0.435026187174
0.372265938076	0.47119241991	0.397686457572
0.346363960576	0.469070229743	0.425142983479
0.454187212272	0.442612349886	0.370219011093
0.358840773683	0.418144784805	0.46380329009
0.354938555188	0.467363834085	0.423391638816
0.300660714097	0.389701830406	0.559455001384
0.480406453473	0.440334264047	0.368667786021
0.401876051387	0.497869937679	0.358259931552
0.378086508952	0.380858013026	0.495306438501
0.353486889701	0.499041764129	0.389629075908
0.403999460629	0.497508588333	0.368422802615
0.438026149067	0.392596718941	0.455172697355
0.361255782153	0.380504215969	0.508068137112
0.372247604256	0.397745481774	0.450798892665
0.358181678882	0.544238152618	0.354678825412
0.542675139458	0.36271508842	0.403149370629
0.35294671286	0.340011240825	0.57300520419
0.319921659415	0.403345567141	0.515788411647
0.332194509102	0.390052449242	0.517886096613
0.282023270991	0.477335009473	0.470176271874
0.47654768341	0.333949307123	0.485798968313
0.365698587844	0.355512711812	0.528324783599
0.326421498941	0.475648557547	0.421911803648
0.447000407518	0.470529908259	0.3766742307
0.346349856497	0.429588168449	0.465485003303
0.52437286088	0.468661265281	0.31949128661
0.231588041486	0.503902681939	0.429132807177
0.34680290604	0.522427407191	0.353063020168
0.334942719716	0.603349501572	0.310541848952
0.299231557577	0.399661579958	0.529540396755
0.398168239088	0.371634155808	0.499231354658
0.47410973096	0.426730189447	0.397574946701
0.356443896707	0.401916562287	0.460659605722
0.604042225858	0.473748594972	0.257747814946
0.360805914062	0.341083966474	0.560982303002
0.442106634177	0.398143893244	0.436739898038
0.426302059989	0.415126870054	0.435396293005
0.405742548472	0.350600440486	0.511922070467
0.369917673532	0.399247843467	0.490107062636
0.213940164033	0.422804245104	0.563925221545
0.301093463733	0.361461800643	0.593910799327
0.442682867588	0.464020986631	0.374787195873
0.316556141276	0.323195792568	0.611370091865
0.321076036967	0.563188792167	0.309050897128
0.382676063223	0.447848502478	0.428020015756
0.40415918244	0.434234312946	0.430155045493
0.812323541615	0.26719992147	0.292983046818
0.328573874205	0.425607861147	0.482154524484
0.444324756006	0.465943707637	0.361493172545
0.459607119863	0.499775804025	0.325278246815
0.330824799492	0.445169752362	0.472679160384
0.44468561368	0.327828298203	0.503360873869
0.472299905848	0.452350502272	0.373910697168
0.404785303993	0.392752431577	0.46993660709
0.40737198643	0.413256196487	0.444781169216
0.38719152902	0.470233007182	0.401211652783
0.378392783812	0.466397062359	0.391027854556
0.339617860457	0.428003651134	0.479316107791
0.25235148244	0.501261370208	0.453177336528
0.344230631588	0.419358935557	0.477119463011
0.200002218575	0.435916209498	0.596078000734
0.451181593936	0.465624540059	0.37595039868
0.468214403423	0.432632732396	0.378348081003
0.295618919456	0.573655715077	0.347773709768
0.513434050391	0.466972838536	0.341653423306
0.474018706473	0.422688643446	0.387183651998
0.313152850833	0.487499890399	0.428978823011
0.472267974568	0.444714434295	0.371350008048
0.301342198214	0.406205464204	0.518063999698
0.66283524384	0.498493925373	0.184101713435
0.467382823401	0.423695995756	0.409122240797
0.239596551	0.390329513274	0.581652228747
0.426763698321	0.493274940313	0.361096281826
0.509795899893	0.387120581061	0.374380867636
0.363290461323	0.431751864173	0.443838742525
0.470985250013	0.380358990923	0.436324771755
0.387990842533	0.437197664567	0.437726901587
0.303711484588	0.422967156275	0.508804932596
0.519207998831	0.463494408407	0.311811355915
0.389438650991	0.547033908298	0.317589788963
0.64012580392	0.428223059287	0.278637504123
0.351352252328	0.452103130088	0.462183365889
0.432858308842	0.483999705134	0.351984085364
0.259735778124	0.368709760059	0.578674263202
0.354816892073	0.452888911608	0.447587939729
0.452868519294	0.418295538109	0.390246302756
0.479114248877	0.42457598003	0.388688266951
0.414007802121	0.443441849063	0.411415413602
0.402547713371	0.565993490165	0.274244338375
0.368817395439	0.360580963036	0.514243833321
0.403903941313	0.459384947758	0.379441523309
0.30182535031	0.295801604136	0.64811265935
