0.48620602329	0.466139921403	0.343895332902
0.528846696064	0.443575856163	0.352306967527
0.321908512054	0.409214749303	0.500303747597
0.441435863234	0.431757883063	0.411911725099
0.41429184974	0.42990085871	0.441397135849
0.528333999878	0.442317046036	0.366525749804
0.407566921289	0.428908636438	0.44185790025
0.348040419606	0.405100413386	0.492128014489
0.409905922833	0.450657492004	0.409418451428
0.441803148067	0.390834781061	0.461787881432
0.434501345627	0.427258212619	0.421625245014
0.475090913005	0.420697183058	0.40012192652
0.185688568126	0.361401792942	0.649259252105
0.4512060106	0.453180568075	0.381269414613
0.438640552565	0.605164544304	0.221930891263
0.237099687763	0.385392156388	0.572835024614
0.296759512248	0.311613325751	0.614163199408
0.335602783111	0.426243388633	0.486451087558
0.33730566523	0.340441226924	0.57128135616
0.415384756699	0.347465133204	0.487151338238
0.282421423088	0.335753120063	0.613665992118
0.339221328171	0.337885147598	0.579011005665
0.300253363769	0.348987342989	0.582493959167
0.422894969481	0.390887910395	0.466555709314
0.564809388277	0.433662877175	0.344601394962
0.136295323424	0.295280029073	0.743763569493
0.39754906249	0.431537614053	0.434851405281
0.303646912045	0.38519049136	0.542276233262
0.347048777115	0.388094693892	0.505412154842
0.470696652338	0.453287298549	0.380245324594
0.274737749891	0.452714631393	0.488785575495
0.335793198154	0.353874356897	0.5552773443
0.284786045571	0.329957413314	0.60974563052
0.491929695844	0.442273212099	0.376359779046
0.345633348748	0.402723878459	0.495736229894
0.327374714678	0.466681684498	0.431231553573
0.34071260937	0.421315751672	0.482097912507
0.516374379396	0.453715748275	0.356975308742
0.301485186396	0.417712378986	0.503182486579
0.287436170811	0.333292099686	0.608713073795
0.3393971122	0.366654522635	0.538289532986
0.47902887398	0.44321803889	0.374806751374
0.215582199942	0.299952743333	0.691950640323
0.410275551249	0.454939316093	0.416254585831
0.335051836509	0.376391935945	0.538238636316
0.332556977692	0.390979207109	0.508073086939
0.361551865843	0.415318552123	0.461370804894
0.182759734942	0.179006297355	0.821026239567
0.150345091983	0.380347434537	0.644171694534
0.318208797642	0.40661195181	0.507944378423
0.289668626807	0.267379919064	0.685484219325
0.353245291272	0.381316566251	0.523412417765
0.374448380129	0.442890645534	0.429820877196
0.408943609652	0.376698512018	0.481920140498
0.444328799716	0.393482222147	0.452501566085
0.34115333598	0.44517881295	0.459311964767
0.403315815025	0.369141561794	0.508396821481
0.299237386519	0.32110750892	0.616375457545
0.51720360883	0.431129264003	0.370220140974
0.36468291887	0.413763914403	0.481607125555
0.302994549064	0.376904020871	0.558653603105
0.510633581524	0.390217281188	0.416662343664
0.411924312609	0.363496007035	0.489173155963
0.342298351262	0.339388384603	0.562787251864
0.299999378511	0.457355001537	0.451629169369
0.442238975319	0.334022874921	0.510641145958
0.272329187119	0.406393433361	0.544587628795
0.459559271305	0.434818040329	0.408762229306
0.425334676141	0.469667202294	0.385061604367
0.368092103586	0.414404919996	0.471816935692
0.209214271322	0.304217085439	0.6772140417
0.460717649717	0.426957006431	0.423209680899
0.432044762791	0.390168583793	0.460342452385
0.367153819051	0.386015089465	0.498565508795
0.439425982602	0.370477486236	0.486683473752
0.306657011622	0.339539088359	0.587885362203
0.324694835707	0.443503204651	0.459051181299
0.333963420097	0.400736067905	0.506091874084
0.320363676207	0.300768455091	0.615051576319
0.288644059633	0.438765538309	0.503048615655
0.429372051595	0.431699340156	0.417830897401
0.390277258522	0.360386336326	0.522230912927
0.511331484056	0.452444540931	0.356053448269
0.277983716566	0.39463314785	0.536837855452
0.349076436256	0.461887261903	0.419619024804
0.256817022397	0.279667765727	0.686097411357
0.182129800245	0.447540499419	0.543360927251
0.281469101042	0.423772146071	0.506690814989
0.368812896428	0.350827429597	0.531580414834
0.322003205258	0.428547873098	0.479757829414
0.32370503657	0.335117781751	0.594865858068
0.205559063407	0.409335696986	0.571584626284
0.332548377898	0.472731726453	0.407525433559
0.515042274434	0.476720296927	0.339500029092
0.569932431812	0.421977537554	0.357242189798
0.37137316018	0.456110183412	0.421085276469
0.280071398006	0.333497105399	0.610263410719
0.456494818438	0.468256661189	0.37195763131
0.366053714209	0.473379015806	0.408257446952
0.389101000071	0.438957585381	0.433929402891
0.433919688806	0.42433079508	0.429992596299
0.641979505456	0.575775388945	0.189673580914
0.39309533528	0.457789785032	0.413075602156
0.358625421572	0.350727434439	0.532649911252
0.402799091526	0.387417372799	0.47507178012
0.428962716581	0.505276707408	0.341634785812
0.451852804808	0.459792864746	0.373572405426
0.457747493784	0.417981143907	0.426746776963
0.483176880705	0.486891954067	0.340816186691
0.397172070405	0.420959794291	0.430175142385
0.431943016957	0.441038717192	0.404730548541
0.429897644821	0.412264209066	0.439547252644
0.499178867155	0.471121811522	0.34265466784
0.498104617098	0.588885876843	0.240212225239
0.457133711263	0.414945021251	0.412100075097
0.56026800847	0.509785431053	0.266103782272
0.464956839222	0.424148062448	0.414691444481
0.400697444049	0.464985400923	0.400609760685
0.527677811739	0.407380738948	0.38407024859
0.440652326435	0.396817023225	0.456851728935
0.445928708126	0.442317644217	0.402086444229
0.497788947925	0.466721254649	0.3522612544
0.3364159276	0.429433158015	0.470892271355
0.352918518886	0.344522421131	0.551226903264
0.332455331901	0.33433315692	0.580679810113
0.501054495354	0.518304280715	0.306384926497
0.422137385805	0.463669250152	0.396176879733
0.352770712153	0.420860882024	0.475521324695
0.470413115535	0.444866121945	0.381457935574
0.5478274446	0.443101259564	0.35181971861
0.460101502847	0.485912403555	0.346215155671
0.552041878986	0.484295365124	0.295229602129
0.551311917931	0.440820890994	0.340839356407
0.409433179936	0.412376347571	0.452645505987
0.4437835723	0.461622866338	0.374221085695
0.550049457739	0.501396278036	0.287268766491
0.435013049554	0.399997158695	0.434183509417
0.586263826506	0.472777222291	0.292578613581
0.495333034607	0.403034761576	0.408177991383
0.448906807361	0.558863443024	0.295984758207
0.494958149128	0.499376681144	0.319705841583
0.483417370453	0.420693716393	0.406209659117
0.572874297306	0.51770796	0.265355133909
0.460093478551	0.420809601915	0.402313954873
0.475358369638	0.480706797653	0.352027688115
0.524755621539	0.577193728672	0.24079527654
0.399083478907	0.498042621855	0.364093537171
0.360818232826	0.416897421966	0.464848388783
0.488858922996	0.586024572421	0.230470591391
0.412851464315	0.466673926643	0.405843021668
0.415408456745	0.489520546541	0.371352613246
0.407129441201	0.390734842053	0.477342381432
0.416156744377	0.440133084718	0.422764440841
0.422372642335	0.4758368829	0.378213872186
0.3178054127	0.389582593333	0.508897177138
0.452900278977	0.449953695366	0.387220606953
0.550368854853	0.599949155179	0.199188813896
0.522053555999	0.453499462349	0.346360798566
0.38011010639	0.42775274571	0.454032051717
0.436844825263	0.440719947407	0.40347997376
0.514630352612	0.505659671111	0.296624563245
0.461987435115	0.484943981429	0.354952163873
0.232774343765	0.380922982015	0.592166031096
0.527422973685	0.465040933316	0.341537624193
0.48088193794	0.511235131627	0.307190001989
0.484530814421	0.518303984807	0.259624480387
0.493863628722	0.442094060906	0.352939990765
0.612371375833	0.580984679824	0.202720626651
0.421739850868	0.583730154565	0.25188332871
0.467581423808	0.407442084949	0.415749179341
0.443324718796	0.433594222209	0.410220744387
0.467852887327	0.475512293445	0.360851016132
0.555775072618	0.503919943315	0.288410668399
0.523436220157	0.503410019827	0.304390535998
0.549995460748	0.492332281455	0.301406492657
0.594582752323	0.482473034718	0.282089756094
0.558820093923	0.461637195078	0.323112600289
0.487006100179	0.482715971134	0.342081162043
0.53462483213	0.489379166811	0.302268127625
0.378008794579	0.425280858967	0.45569149339
0.522296437193	0.445196951135	0.35674378686
0.498812667793	0.447285026182	0.366946439025
0.386536357913	0.653347282455	0.223611646651
0.389003869622	0.522893347422	0.324066776632
0.460200080692	0.527212649505	0.309212651584
0.319269282014	0.390271308571	0.531419406491
0.540456715575	0.444522780302	0.353421853837
0.358213445463	0.397103655384	0.496959828611
0.405229844906	0.539442197564	0.322491655623
0.41191796753	0.457810913216	0.40932525741
0.237520270302	0.420503230833	0.537201390345
0.568395780074	0.465699578252	0.315238772585
0.42406399207	0.834861765861	0.0844373477831
0.281669301099	0.413734034417	0.530572839592
0.55828065296	0.456851261079	0.324994521283
0.232288598705	0.359117476456	0.621868718678
0.467818463961	0.40922726395	0.416797261712
0.345767751171	0.458490310823	0.410063324126
0.222329002335	0.383071570525	0.588947664752
0.228562837663	0.421476119172	0.523555682897
0.407052272492	0.356500660631	0.52196436227
0.560594418681	0.567956495478	0.24593168297
0.352977203485	0.37123098604	0.520910859501
0.287966802938	0.424508603239	0.514113129197
0.371660194561	0.418028355053	0.439583285878
0.381220854189	0.497536748588	0.365904885525
0.24943388021	0.450463198828	0.502603035825
0.416873212904	0.409297875504	0.410515600349
0.208178763744	0.388177148858	0.592510291068
0.307743490781	0.426916075932	0.484824257027
0.437013468269	0.534261301243	0.285005679774
0.379128034057	0.42065305765	0.446393639792
0.414948215304	0.47004103628	0.373602156013
0.595909138518	0.605310276567	0.1862930236
0.327081138353	0.478271055024	0.423930825176
0.273149533986	0.481720965524	0.416784212118
0.362917058057	0.422097944518	0.465064939835
0.316336615617	0.416995056561	0.47908326487
0.122109611857	0.443865119883	0.582381949053
0.349994325814	0.384624005216	0.521805889899
0.523274956012	0.537661942234	0.265317372693
0.321135365362	0.386185250183	0.525959326712
0.276732235041	0.398098828707	0.553974712751
0.437821775475	0.423560005579	0.42264131443
0.512360804773	0.408332284668	0.386011993375
0.312863124677	0.460358778639	0.454882163555
0.339525491204	0.470040478215	0.41158580984
0.287307554777	0.326792511854	0.612647856953
0.227297308271	0.488730729354	0.459885902213
0.417933259804	0.482737879249	0.359752643117
0.281914107136	0.412750726733	0.512396440533
0.390425801824	0.422739883465	0.422236127951
0.288556896276	0.430165896998	0.505823452177
0.304851525502	0.403490491124	0.521342300904
0.341612421005	0.467890167918	0.393713318087
0.324263589908	0.32379236462	0.589634639882
0.253728767176	0.415520036206	0.523476650433
0.452145388598	0.507949949431	0.310708339822
0.298821679948	0.514636538011	0.392667937135
0.273680711974	0.373509442933	0.552729086514
0.233002225627	0.508432241303	0.411895530323
0.449052010322	0.473592661982	0.371874980688
0.548601865533	0.45618375632	0.33413293883
0.242982560008	0.45705936347	0.45632122421
0.263022774099	0.44463125827	0.471325188082
0.299830647862	0.357909355586	0.578227314435
0.526040826646	0.462680749989	0.337530106999
0.410057319877	0.417526213846	0.455080351728
0.320326132944	0.467397041598	0.42790038891
0.283188719285	0.441368419282	0.488580326213
0.281692748444	0.385237072183	0.538722835225
0.32852407748	0.390129614326	0.523361601906
0.219914138606	0.434274377092	0.535564236334
0.512896220929	0.636353145068	0.178692417831
0.338440578256	0.367562252527	0.521386992499
0.383879199403	0.476374207622	0.359793125876
0.26704812315	0.404357391415	0.546282021446
0.334505134582	0.489867274688	0.415842158484
0.52759816344	0.375451881606	0.412722511323
0.210825105966	0.47074667712	0.503012433535
0.403467458554	0.410314967515	0.459545311794
0.503587801415	0.406196710023	0.401914447583
0.478281154365	0.494654063782	0.328307834945
0.498136859518	0.57668616478	0.228530140283
0.279392504411	0.571047008712	0.311331054266
0.352530872712	0.446497648545	0.443994198249
0.182129581313	0.396511197324	0.605042701169
0.281552228504	0.490542210059	0.383830130245
0.22670402508	0.397058573193	0.575256146484
0.240401225242	0.441191712366	0.515918497148
0.309560249275	0.456307983578	0.443903146357
0.225244958113	0.43545631465	0.539576224556
0.392319532911	0.605979941507	0.257585837777
0.270904511698	0.557330735918	0.367750919993
0.311408836439	0.527961909567	0.364802115363
0.423113043162	0.474938214461	0.371987651585
0.21164093388	0.412034072738	0.558504030955
0.415893452351	0.462498163962	0.384315789018
0.412823160188	0.411520842117	0.408650854521
0.328853422514	0.388896823551	0.513292662821
0.421957412267	0.443863664214	0.424994885417
0.252406751964	0.362749889789	0.585866542946
0.286561447127	0.395173227334	0.535476036404
0.449000827947	0.44666142589	0.389027941486
0.238707670146	0.400174507353	0.563960616948
0.347975827061	0.439395031427	0.464987857108
0.298488912708	0.365386104321	0.571107692009
0.448032742038	0.435929964634	0.400163331633
0.301809778473	0.409047952136	0.507704087359
0.395027879081	0.376125019274	0.499001039343
0.177449428975	0.355411724069	0.659277077811
0.315575579816	0.367397467723	0.555843077838
0.319720575999	0.365973224285	0.546747017854
0.438180051911	0.419584529221	0.424932447795
0.298090331229	0.44651682703	0.465788758628
0.425714028741	0.358015210768	0.512346803168
0.119144499497	0.188725206926	0.832145866174
0.497860657544	0.421314373745	0.38106923214
0.27357317486	0.412161517001	0.529246381562
0.44367738945	0.360632045383	0.499076365916
0.374617043146	0.412014740857	0.464974932406
0.255188266004	0.377598212587	0.580038323642
0.438821101266	0.454724233897	0.391808907507
0.393118470043	0.45401040864	0.404639212311
0.32049399723	0.429652375429	0.484559763082
0.302249243724	0.438861130113	0.476460587705
0.246830353677	0.34403994533	0.613930250679
0.35997954815	0.317156837353	0.587339103821
0.46610430561	0.401062509467	0.424546393206
0.263776034408	0.398680313656	0.544753583598
0.27026607849	0.383607652949	0.561522048643
0.406139240361	0.417211222935	0.435920604101
0.271280357477	0.38837560071	0.564719315533
0.225904082882	0.28354428923	0.691572535289
0.395666974456	0.37040663535	0.504290645832
0.507248972149	0.402776892412	0.400036791086
0.363996630281	0.388007908382	0.499285495289
0.265999582487	0.305782216992	0.653442303171
0.361525335724	0.361951765109	0.53518992417
0.326713551146	0.409190813121	0.49886882475
0.364160294886	0.429377733934	0.469348567772
0.327367983294	0.406424287637	0.505995668784
0.414342877377	0.407434031819	0.452966588489
0.416856990998	0.43183185692	0.431819228274
0.400247636791	0.416827532763	0.45029610607
0.339897791702	0.343133731015	0.562067268708
0.281908164272	0.346688478348	0.595827951227
0.320228614073	0.280720029663	0.64054602711
0.384131832396	0.409468243862	0.472577366927
0.535286429991	0.364155130427	0.435019528958
0.421266938159	0.434959442277	0.425807809384
0.422980164844	0.418004985245	0.434867968759
0.191076789927	0.152427213744	0.841866695399
0.262410280758	0.288859360745	0.659060678043
0.351933572983	0.344947520255	0.562512352141
0.273080908549	0.195570477322	0.75461196623
0.381179316641	0.399900518134	0.482842564814
0.231799355894	0.392018698088	0.560498995043
0.431189010515	0.46764491468	0.379989415915
0.338906304857	0.361238920671	0.533726596885
0.306984444982	0.421668324476	0.489716871344
0.384060922063	0.398852127881	0.475066897925
0.271592452606	0.381629532865	0.548223484901
0.289917320644	0.350894374788	0.59207005798
0.393258931411	0.420855347258	0.451828785773
0.204252383268	0.373101818971	0.598206094085
0.354154796023	0.425863504613	0.465579928949
0.449664028352	0.450872940643	0.390907561083
0.319498341201	0.389799489319	0.527354666001
0.276521991852	0.405771697225	0.534956471818
0.268703005539	0.331584321291	0.624417865771
0.310585946178	0.326985671983	0.596890561922
0.331295344778	0.467436733713	0.43516323914
0.298912925815	0.38437575939	0.544352169621
0.401978357406	0.393055145261	0.476208247185
0.292270527239	0.44566683629	0.473029666258
0.521411410152	0.51005726353	0.294112116746
0.399492005567	0.43679208322	0.426475014874
0.431738382319	0.464565481002	0.382914971199
0.490071482889	0.475412679557	0.347277545656
0.370169236071	0.40181259172	0.481276091923
0.237420712845	0.405931861893	0.560903272729
0.362722233241	0.423395056126	0.484075436832
0.285971967679	0.483808736896	0.447806184504
0.234373113387	0.421259878602	0.510319829683
0.35487418151	0.450930496444	0.44057804897
0.362974358524	0.435739443032	0.453447227253
0.384754250966	0.463182606941	0.40808686425
0.408566809226	0.398822663636	0.462029997903
0.344614217291	0.360664702606	0.539736695626
0.384308413473	0.348142769251	0.517973472594
0.413176296031	0.438309431255	0.419730849968
0.311823640301	0.400107757726	0.52324865784
0.424846231253	0.413049110481	0.430209703688
0.411046746631	0.419796645845	0.437979902329
0.340666548722	0.401224427776	0.49264132407
0.29140791867	0.38371784214	0.557490667709
0.393874930961	0.418876900329	0.463322610935
0.441956941459	0.424347233685	0.422155477521
0.428355263497	0.531854128435	0.31838155899
0.310906127322	0.420323086202	0.498142704008
0.399534420366	0.385939717098	0.494764779735
0.435983416069	0.468944491633	0.379401864617
0.341348456138	0.357731635165	0.556879065286
0.413808060577	0.478791722941	0.387490453965
0.494137668892	0.452120269434	0.361566812099
0.22296453244	0.471863897353	0.491958133527
0.437649511463	0.467465748876	0.389186178679
0.360226516169	0.522527829106	0.326152295412
0.262781027144	0.398840030004	0.554554627709
0.400818193444	0.41459133457	0.44764362753
0.291994188552	0.358309111423	0.562090747062
0.438237733695	0.441487058224	0.405909574994
0.350862163079	0.41261313124	0.486623021884
0.426468170524	0.461895982697	0.388602586523
0.588372954579	0.517672529366	0.265602676976
0.485535166974	0.476020423618	0.345826800138
0.288379923245	0.498871907437	0.415604746987
0.493279631971	0.494151620642	0.327192616145
0.273252306741	0.364243825357	0.584840630736
0.269733392781	0.4540229393	0.48597196366
0.512785304242	0.58194297049	0.231114267488
0.278787170862	0.370877922964	0.572698852298
0.400278435829	0.40033000694	0.476685286104
0.359038106607	0.416626099695	0.47592790372
0.423410139131	0.447089918139	0.407927826672
0.494830561281	0.515190294044	0.301902342784
0.381746595188	0.430467942921	0.446355008732
0.253313486223	0.413818207846	0.539045956798
0.23663124656	0.378905185931	0.594494441726
0.504175972082	0.421034650121	0.389719515612
0.222578679991	0.352121882086	0.615413264403
0.197487952425	0.411952443413	0.583893894863
0.467727054184	0.43800736803	0.39519346636
0.256526020539	0.404095015056	0.547145725766
0.496202192833	0.418424274586	0.400755761151
0.340676795606	0.370876287306	0.54581915225
0.336969722103	0.437882820909	0.457043709608
0.464451723834	0.470553287794	0.369783685617
0.389988718056	0.423223606727	0.44943770501
0.425350176167	0.400888102148	0.45818509224
0.477967268626	0.437770532314	0.364387492219
0.0767206549149	0.327843287067	0.78238555636
0.379721900588	0.391578315662	0.484735081474
0.451562896881	0.438989077089	0.405906453396
0.238602122935	0.368912138927	0.594332817295
0.370675273442	0.439009539289	0.447706623414
0.28996748627	0.547531133611	0.343809139591
0.369620112776	0.45962614079	0.429176137767
0.489491495619	0.462841860109	0.345773952713
0.330447966162	0.346264764601	0.571330967095
0.276299517177	0.42507635409	0.511052938286
0.249848549589	0.40168937094	0.554008758378
0.490036758566	0.445783644803	0.37414948547
0.36833332021	0.39197204704	0.490120767539
0.436876701929	0.439019587517	0.410506340785
0.333751207876	0.400234511079	0.506683742736
0.412200100214	0.459286006429	0.404782685493
0.322401593859	0.421591149709	0.49184858958
0.320499308588	0.454911389035	0.459748762878
0.322331597848	0.382908586038	0.528038521093
0.277771860672	0.526877910343	0.375905322688
0.477482137113	0.4289260091	0.403634914719
0.302297647733	0.383148509291	0.546859363097
0.306495907469	0.345511639687	0.585963418581
0.263078029511	0.34817456642	0.607494877952
0.284155822648	0.381405580832	0.56027703889
0.319031660944	0.516026435045	0.385788409843
0.401859901649	0.39271259039	0.473551472159
0.326250275448	0.370367846984	0.552079371738
0.374061601159	0.415725127538	0.469690198631
0.415473825725	0.453805753609	0.401523807147
0.21364745733	0.331449572104	0.668448209432
0.31372264786	0.430028355157	0.482417966325
0.403213270139	0.371376837969	0.503127805634
0.27942522823	0.457734237079	0.450838762537
0.378841640757	0.350385958259	0.536611634601
0.305474933868	0.425710570674	0.493193291901
0.319485790784	0.289540168203	0.628081082777
0.318256352719	0.376107720869	0.548129214711
0.33194174058	0.44891136584	0.452422708063
0.387273439556	0.479083036558	0.404179434052
0.313668009705	0.394469688256	0.529476759803
0.359482428308	0.388647793072	0.511398588266
0.342772832559	0.447749935019	0.465521129711
0.516558593614	0.461336677186	0.344962293001
0.466890491926	0.425979247621	0.409158611626
0.309760800517	0.411697606443	0.513652266522
0.279972105268	0.342420092778	0.602692304203
0.62465363142	0.482032306819	0.270462596729
0.502052002021	0.488094932329	0.301767980669
0.33967834257	0.44838295574	0.455098569676
0.514202121779	0.465228390392	0.345040396017
0.389322022786	0.405192549571	0.473424093004
0.401453840349	0.45496884495	0.411703247294
0.480767620616	0.379139313942	0.438982747703
0.343888515021	0.378217766906	0.523939445486
0.480705762175	0.429885506774	0.396249285135
0.360051804529	0.403534431199	0.49503405811
0.324101976615	0.387015641115	0.520783399504
0.325721860816	0.416320736674	0.491812555709
0.410177996375	0.445423596431	0.423481440384
0.478925724642	0.485507236313	0.356627605203
0.48931848251	0.450562349582	0.372642493062
0.413628967751	0.424088444441	0.430337288634
0.439060600159	0.43546515756	0.416610506124
0.381625615284	0.389953496703	0.499507678659
0.211537294171	0.399264134331	0.584460441243
0.350473577596	0.374404370735	0.535257232042
0.438806880342	0.381290439482	0.477193785937
0.358263654629	0.465406933689	0.412512377516
0.258240008849	0.431123818448	0.528082092085
0.305581705288	0.441369911933	0.493145281151
0.357066581411	0.446660335176	0.450694487416
0.28850739982	0.458527211009	0.469738618825
0.547760154032	0.46983955602	0.32765243122
0.585789386644	0.506152598656	0.278078875749
0.428034854226	0.428011878842	0.420311998273
0.219184487954	0.360992505901	0.628765968942
0.601706225917	0.517871326457	0.257538008937
0.273436343915	0.369900042234	0.580915452729
0.410373708967	0.416708346565	0.449539316851
0.400387114893	0.436820788193	0.432674665728
0.348245998361	0.424498108766	0.476830898181
0.298725579442	0.41257260245	0.515545056493
0.287643106725	0.425819880993	0.501203393922
0.33024438194	0.451410844904	0.461637243607
0.247965888076	0.412617356529	0.541491976689
0.293552146463	0.400491396614	0.53997994732
0.361530313218	0.382703518061	0.510970735839
0.218362666793	0.397307985831	0.583035004125
0.333909530967	0.392085842749	0.520403462682
0.368495148152	0.435022959834	0.449903565442
0.462692956837	0.459822402353	0.36941244019
0.23433232577	0.269070644469	0.699885396343
0.321866016605	0.366541781555	0.544327097763
0.344616355389	0.306349590864	0.602516982307
0.434204060644	0.420122465025	0.434733434745
0.460791708171	0.384364849804	0.4469093426
0.308916204376	0.446157405015	0.474189243064
0.50875075686	0.447619919506	0.354670320171
0.444389457886	0.440023903405	0.40547207735
0.300546294721	0.291446271462	0.64666932481
0.263636540929	0.325059891019	0.634623286179
0.255380368227	0.376662577904	0.586687259134
0.436899150965	0.413825661176	0.435765806957
0.292105028004	0.41696701823	0.522616651011
0.3651774871	0.358548748419	0.536694857491
0.293175041321	0.323903416031	0.617852326547
0.372766913865	0.457114439146	0.430968946758
0.408937903986	0.515041996726	0.356269211414
0.309579217208	0.378094576214	0.552460286922
0.291663955829	0.386350480568	0.555683338757
0.271436800268	0.359323757546	0.599187765099
0.371735678089	0.364008408827	0.534426061013
0.410204187761	0.440404761242	0.424244854217
0.194312574142	0.421505416066	0.57917736951
0.337022983405	0.400929345534	0.500652374222
0.228103507138	0.390834854901	0.576332341881
0.202489367737	0.355628110702	0.64795231603
0.18053079307	0.408013392907	0.595753262495
0.390004550316	0.424990887983	0.457551728369
0.394063903126	0.474390584935	0.395581343192
0.224721420555	0.306978388856	0.681725355031
0.625398089684	0.440356888903	0.306815234952
0.323824660838	0.46216472278	0.444851065444
0.29491738252	0.391277109039	0.541257172143
0.236892708053	0.33228856233	0.620223159271
0.239075353037	0.446769330952	0.510833747145
0.459629427188	0.477271205207	0.365162746454
0.410517665682	0.394884466034	0.472633878448
0.428120368743	0.472969273975	0.372328407825
0.409608250252	0.417147069761	0.431870259129
0.357630697814	0.439460306472	0.456748679176
0.370040365239	0.428760422994	0.461823285265
0.354705031204	0.444891112911	0.453466654265
0.409595093935	0.415949918266	0.449005170301
0.506394674711	0.467990001879	0.343099840309
0.173198219915	0.365035208159	0.648989169031
0.231333361713	0.429625008616	0.526764554812
0.303978357388	0.442553907383	0.471726975571
0.273436343915	0.369900042234	0.580915452729
0.160342983893	0.544973816303	0.45254224555
0.454617795152	0.399434848441	0.447427858005
0.442019453362	0.435184276078	0.416130070163
0.204807973	0.395962551226	0.602317450983
0.314333027436	0.376201650411	0.549294627922
0.427116322238	0.347332575879	0.511133358481
0.390671461528	0.462038322471	0.415785472669
0.385301427585	0.454290399187	0.410678071906
0.227895987612	0.375104797912	0.610746760246
0.436569064646	0.461010268367	0.393460174565
0.319372999716	0.461548058522	0.45382375246
0.349435700683	0.411791033076	0.49620582612
0.345933261912	0.471039338243	0.429595277566
0.28287821851	0.400817467734	0.533430996684
0.355936452757	0.415262165935	0.482939554409
0.307874994571	0.436238161364	0.491296221465
0.385653544946	0.411949105355	0.475598004311
0.343962063294	0.418230633653	0.483758275288
0.382889284031	0.438817799498	0.437692027014
0.294919407049	0.40665227024	0.534210281748
0.463436771768	0.425666503763	0.409140374185
0.305134085445	0.394520234107	0.532493172616
0.285672291092	0.374485922117	0.569714531861
0.445111990348	0.432508713231	0.410002044697
0.379669111796	0.41316170188	0.473236090253
0.43423208914	0.420862679406	0.425240500034
0.381690376511	0.462616314983	0.405336313378
0.306370218081	0.389017453325	0.542107163653
0.373052159237	0.387744365955	0.495195104252
0.320142101858	0.435385106507	0.483691741843
0.23972965463	0.363439156005	0.607108666615
0.381684200108	0.421120255677	0.449927385205
0.376915432124	0.412873001591	0.467737751327
0.366024783032	0.398444328821	0.493001971489
0.361722477659	0.436746788172	0.44714858062
0.271095883902	0.36281838182	0.587979097987
0.351196720627	0.445675712422	0.451441294984
0.365143258352	0.440805435265	0.446952133457
0.195451116826	0.430553325606	0.563294594713
0.288790218142	0.500022668153	0.428900791172
0.379027137216	0.45176918586	0.398324199222
0.42239939533	0.432620396854	0.432032490796
0.484619820238	0.446177633974	0.387611386045
0.377398806669	0.423784651526	0.462825017612
0.326483995458	0.395557640741	0.52351019028
0.298736434669	0.403591962494	0.513926386168
0.51164645866	0.433209257139	0.381738084791
0.561900429362	0.344707048447	0.433537268333
0.394578539785	0.412278053309	0.454464005755
0.390085199594	0.350308687407	0.536185317705
0.316442444514	0.364246258454	0.560969999481
0.313061287246	0.451367033105	0.463800791419
0.329167126697	0.403156111958	0.514548593939
0.4185205171	0.416714573519	0.436398159575
0.342522547247	0.375943346587	0.532568107852
0.465491902385	0.414095770377	0.421903478694
0.235244855806	0.315857447624	0.662471989123
0.243971285991	0.412462964722	0.552451024603
0.321788217001	0.425648783182	0.478924399111
0.38475817518	0.425432612424	0.450825446284
0.452502802694	0.425451899482	0.420713698206
0.427411304317	0.411050982507	0.442957853218
0.348865806586	0.38103612674	0.522631736263
0.387919906983	0.366703637314	0.514781177779
0.307361673067	0.411727086701	0.511222674267
0.302703708768	0.394073590498	0.531313212811
0.184353369125	0.491554853246	0.460821072674
0.441844681478	0.388369956452	0.458251026418
0.497729772476	0.420205084549	0.393573665515
0.317451810404	0.423190300698	0.496045240115
0.493404986635	0.434650212272	0.389821868848
0.37452246759	0.404677048978	0.489988451725
0.401114917252	0.40184788033	0.470900130562
0.382957694271	0.376987119448	0.502083142761
0.438295576294	0.374754421288	0.482170472157
0.475610998342	0.482552654639	0.355534018858
0.245158903415	0.422390574247	0.508599480587
0.372641978261	0.414742406199	0.473622453031
0.330094472347	0.400689148188	0.50826604097
0.40981214766	0.380935495151	0.489359751058
0.41183952482	0.430678241962	0.439205186482
0.125016502088	0.357023515172	0.647569792505
0.357766458823	0.372309799216	0.532649607302
0.279488983558	0.389336690954	0.554704801346
0.338978212737	0.431434046129	0.47860381364
0.325551717726	0.387894634654	0.53081215468
0.427587195456	0.424592483265	0.435157866221
0.61382903296	0.473724286523	0.280928746524
0.427541036962	0.451307776403	0.397565066112
0.426860404417	0.42579598858	0.427609675249
0.498646940583	0.425008651898	0.396205085913
0.534908378238	0.468017208437	0.334387480024
0.437552252461	0.409533026283	0.446578401855
0.383120579926	0.407452228336	0.464418432975
0.378864784051	0.360675894926	0.534221646813
0.497766210652	0.469186482814	0.339716623853
0.467851109042	0.456932239029	0.374538293332
0.452747407404	0.42790750118	0.417960340438
0.48566204922	0.48048384391	0.343537140449
0.579975906215	0.445945725656	0.320830891837
0.284678308824	0.404800551517	0.540293750853
0.473046726358	0.404805441648	0.432180984882
0.292763877468	0.40573803053	0.531116031251
0.470771850727	0.465044532924	0.365481376663
0.386769203187	0.365125676767	0.528133488836
0.304653644887	0.406871260012	0.516314623669
0.468985411139	0.457703156092	0.386187580239
0.475235370739	0.46863888716	0.3523551667
0.272970639374	0.381465396947	0.57013564349
0.361102960198	0.476895187535	0.401687766276
0.0589043648488	0.550985195226	0.530876750537
0.39856318229	0.3972339354	0.482175472369
0.514206264133	0.438843525312	0.360033194352
0.355409697316	0.384361512673	0.516225357876
0.542599727974	0.462129778228	0.334850070639
0.401184441095	0.411295038103	0.465466431453
0.493869921064	0.515261245511	0.315510214251
0.392272636529	0.378247470054	0.491752940598
0.489829474737	0.509102332507	0.319731271253
0.439829581532	0.402083408087	0.444157208033
0.413560796458	0.431730476996	0.429629726243
0.317937659384	0.549254644978	0.362388983985
0.442521763729	0.410041140776	0.438296810652
0.439523019321	0.493741071742	0.346528508808
0.39931587831	0.457601196791	0.402670247708
0.469365390036	0.41277306764	0.419792878387
0.362369802983	0.417018357735	0.470498282742
0.272839717582	0.352373253746	0.603103445408
0.284348065995	0.454511341211	0.426825534372
0.483738242841	0.510988173441	0.305422792728
0.460599831542	0.461853696077	0.368485242567
0.432720692306	0.448901074459	0.399403890661
0.530180782259	0.386767468613	0.399083829051
0.11568107226	0.569031627633	0.47194610946
0.294729644988	0.518344839383	0.366509771449
0.395823438713	0.424964023352	0.440501222017
0.361891888457	0.390283852189	0.509030860318
0.391364685317	0.429861758569	0.433385342197
0.450715166937	0.437926849912	0.397102885299
0.354824577202	0.369535234502	0.529942326918
0.496431685609	0.424485964202	0.394952859229
0.365425676239	0.44295699791	0.438815875748
0.399730160925	0.413413976879	0.455897770859
0.526009192103	0.450983032897	0.348809741754
0.492471197064	0.426671222852	0.398206245539
0.379945825037	0.389242494457	0.491399612939
0.266257419283	0.408906660918	0.537269809169
0.477359838274	0.44522063326	0.387949663255
0.394924737147	0.349968849061	0.530535113131
0.25038596181	0.410144941765	0.543880731566
0.405365552385	0.436251925469	0.427930407521
0.482401512966	0.462885961415	0.365264454521
0.539401621873	0.44735554742	0.352273280324
0.363948661232	0.435658603085	0.45119378185
0.370384430291	0.425411875057	0.442953908299
0.349344126102	0.421282187379	0.472615739063
0.257631488993	0.459775763148	0.472896065735
0.282464840863	0.430061851805	0.508908195985
0.250591204333	0.493859024268	0.461410732202
0.287904697062	0.407207697226	0.521221423989
0.409305853241	0.409837107377	0.446015615807
0.493298943612	0.435121998033	0.376548749913
0.289578902418	0.37676491623	0.564005904395
0.234133919668	0.500149205963	0.418447365172
0.394730334256	0.399082052758	0.474311628932
0.290123578989	0.393824456693	0.548091901428
0.422338649403	0.359922368187	0.498278138155
0.344463576938	0.393116928322	0.507263108075
0.282778659647	0.373615496166	0.564950442562
0.593512777978	0.58603875473	0.198411914372
0.320621702603	0.391088770578	0.519030899209
0.472934337885	0.381607967479	0.459473221958
0.240348158518	0.388647226275	0.576269839479
0.467025681079	0.489243223065	0.348142580124
0.550646660631	0.415518230387	0.377568543594
0.369027119336	0.431290908869	0.439171182299
0.248632303426	0.461826114059	0.4840073458
0.240160214374	0.361917798427	0.607115224568
0.409888643636	0.381829408763	0.478943353054
0.447600717079	0.463854987342	0.378271258419
0.362402190889	0.417479786475	0.467916329136
0.394159714115	0.351401078441	0.52260117979
0.385185740548	0.380790064104	0.506426967527
0.521702187901	0.490868245342	0.31642588242
0.596043162509	0.486461790365	0.27822595013
0.391646290056	0.432868057002	0.452382493718
0.493555168857	0.464396251853	0.35114223253
0.409903610778	0.377608482607	0.494815053886
0.225695166191	0.389703952847	0.590491020519
0.388501229035	0.428390241968	0.459098445209
0.284698430668	0.423236197531	0.496147245186
0.450339582156	0.479003997828	0.365021492255
0.45944888867	0.432538227556	0.405773754352
0.419819260276	0.47371772083	0.384128817681
0.491228216445	0.423720712842	0.388640141616
0.509430253415	0.42408590126	0.380283680027
0.454822585175	0.40522360299	0.434638915376
0.377428058447	0.347036231378	0.53763143131
0.409825431168	0.47045489785	0.38567698188
0.493136161034	0.392285327156	0.410943375471
0.323057578571	0.405315328054	0.507365471694
0.138175782625	0.435014680058	0.594800379976
0.38300140807	0.433162452247	0.441150270414
0.476987529827	0.457217282049	0.366974104426
0.334686671473	0.403592877551	0.508088866449
0.329414835784	0.372209135453	0.534969065177
0.481950821563	0.478262730006	0.352039609182
0.455443328553	0.46066814122	0.366528219039
0.504167589981	0.495921012263	0.306111673876
0.454645988721	0.535842462955	0.29083981388
0.365702769092	0.520937885591	0.360886881687
0.42355450083	0.57959003753	0.265193802304
0.461014238402	0.48652374902	0.347847877739
0.369749101575	0.391018978563	0.495537084294
0.436198839436	0.474569787114	0.371940017937
0.426459683533	0.603664036023	0.244954519344
0.373532321883	0.67829632455	0.178281791732
0.42547806279	0.463431708319	0.394051912238
0.586693839306	0.511376056296	0.263725836248
0.416684515341	0.384988603032	0.477374242983
0.369729827835	0.508499838931	0.361082549765
0.432787847225	0.515716492829	0.339139828159
0.398424882029	0.45528552043	0.420994179551
0.565055362395	0.551216456662	0.244928189291
0.430590448617	0.456439416106	0.400250146713
0.562277294205	0.466168767742	0.312523626964
0.419138022767	0.454610221857	0.401043927971
0.46947703129	0.509690955203	0.319369373502
0.414985242412	0.513363636078	0.332973691501
0.555734640216	0.458710318757	0.328024953818
0.584331275195	0.603723953999	0.198363813623
0.452211443098	0.464381308504	0.372433866698
0.511260043145	0.446780824868	0.357182114248
0.423965230442	0.410749743286	0.444590129785
0.316362351083	0.526913669325	0.380998472298
0.287138281273	0.506987633114	0.412517258662
0.452629548133	0.457681221511	0.382884600415
0.455664063227	0.413369661178	0.426785909961
0.478539380117	0.449560631915	0.376804593608
0.227585214352	0.498916316204	0.435287004617
0.508473732939	0.552250897549	0.252607560367
0.453276985067	0.46439944932	0.372102658186
0.398510652366	0.550091187332	0.311250278132
0.338446185711	0.412019535603	0.484586474261
0.587114582304	0.503407145568	0.268475008357
0.372599854737	0.415944959845	0.464635867174
0.435183834686	0.502624621529	0.336131358971
0.425435788619	0.670364273221	0.211146969101
0.437858451188	0.470456474884	0.365465740294
0.518620023528	0.609682702796	0.211441284258
0.520884245819	0.500119971329	0.305125970641
0.424793060563	0.497776270292	0.35466700824
0.495282692538	0.394183733659	0.41986100893
0.459166702042	0.564602374643	0.29073230097
0.504122742609	0.551562271892	0.267491508281
0.57046539758	0.447970913515	0.320285095923
0.304364247042	0.496184937958	0.410779040285
0.390036693092	0.456575129728	0.411560822528
0.350048390675	0.466092038331	0.4277131938
0.434897851107	0.422160330911	0.41773553123
0.408764403311	0.463641065197	0.397382161319
0.385630714082	0.516356089906	0.358485628072
0.533235452866	0.414113794789	0.384534012665
0.543382262679	0.658653112226	0.176171809691
0.315234874609	0.410788751084	0.514272091498
0.449300742034	0.394181636685	0.444086698007
0.451772072836	0.423326355516	0.403919757915
0.531789210406	0.437843879307	0.360646228129
0.460222121519	0.427751281063	0.403608526632
0.534254521856	0.602627934544	0.212515327284
0.52364786212	0.455214402612	0.338897438594
0.462019713641	0.408101477545	0.422184239594
0.448336152105	0.517158939344	0.335115308106
0.526341479774	0.374244724041	0.42856576212
0.438118883051	0.488716986281	0.364374051886
0.55350913863	0.507061317959	0.279535912521
0.505097632829	0.496910704942	0.316620030278
0.428480463373	0.440160509625	0.414178344103
0.317681742845	0.482544189722	0.419892224778
0.570509417121	0.444516108772	0.321732101753
0.517706285849	0.599477784994	0.225192243789
0.354731745795	0.384926106802	0.505370712245
0.547484995799	0.48280900072	0.293344748661
0.296026524962	0.768945506936	0.166827354572
0.568172661892	0.472592330161	0.315405742545
0.580230195909	0.483903127329	0.292081962795
0.63409078523	0.507041452927	0.244986448663
0.457333917256	0.492475786039	0.356739314353
0.340426115033	0.483198809993	0.398726934611
0.296081256402	0.4197567353	0.506257825519
0.477642775291	0.462672702083	0.363335814412
0.51444524733	0.479491581631	0.324029233879
0.503693600488	0.516712840968	0.306144137091
0.618396519719	0.657848106512	0.145827388492
0.373088655923	0.485259742491	0.410348041457
0.406389580806	0.419225855529	0.451925601954
0.488599034947	0.476211502735	0.351081502584
0.477352803229	0.386750378601	0.433759782704
0.469900670934	0.501337085657	0.321597914051
0.431343098793	0.410623086464	0.438543539362
0.464196890756	0.41684922865	0.404944220607
0.293021654217	0.387473661093	0.544433200798
0.589300460231	0.421202234559	0.352219489821
0.407453539859	0.631865125783	0.232382673261
0.399716761366	0.417595275962	0.457601259322
0.371614840771	0.457781806686	0.429755826838
0.298613788588	0.3801819083	0.551800327509
0.494612834395	0.451292960362	0.358775663885
0.426696678162	0.464053366489	0.387148110703
0.478812158108	0.413488343573	0.41477729795
0.399494653732	0.454158321297	0.410551346199
0.365859182075	0.64732480891	0.23818308771
0.442398545443	0.42277044482	0.427141087738
0.247965888076	0.412617356529	0.541491976689
0.473512452935	0.298725205324	0.492674956238
0.40212157572	0.393586813798	0.47182607086
0.425976648254	0.467479962939	0.388831629177
0.367855608516	0.438902647872	0.449028722919
0.330416483372	0.40335554454	0.497084772164
0.418116856531	0.418926426974	0.435395050455
0.357801000917	0.466835121452	0.399724836671
0.383356018645	0.483836923822	0.389387758161
0.561804778891	0.551072599392	0.243791822816
0.279654761735	0.521477181252	0.413678734961
0.463773683517	0.480122029231	0.352451703343
0.356417388624	0.375566692095	0.525056592383
0.383913666276	0.404744318097	0.477351720243
0.432992656903	0.421687583185	0.42758475597
0.362291210711	0.464827341122	0.41678933567
0.36249269404	0.437601280349	0.450550346262
0.407586784812	0.505297494999	0.355516614879
0.515584747937	0.403061214494	0.404509996046
0.412026506931	0.402651385349	0.461219255983
0.372587984486	0.447703053741	0.429558222094
0.37321612302	0.5120156993	0.354756065732
0.363947955628	0.49416893168	0.400795424774
0.368262110195	0.438213261819	0.444977141192
0.274182438421	0.49453766655	0.433727014807
0.450110200238	0.560535379412	0.28196682957
0.353461045635	0.471083347204	0.422497577965
0.380784516941	0.48762513229	0.381517990927
0.374953531436	0.490545446299	0.363221251161
0.408715847015	0.44829982087	0.396349852684
0.417962399668	0.45025102336	0.401117222306
0.302690675202	0.484309022323	0.415841733979
0.386314995965	0.531193486105	0.340986246519
0.428808240695	0.504228902527	0.353224489045
0.46497426472	0.536075451541	0.304429412548
0.381699899988	0.434068358627	0.441404776211
0.614095014617	0.441424174008	0.298588622217
0.468202268828	0.420571382826	0.412438653903
0.490059387364	0.474915116153	0.349364997618
0.380452949202	0.611577593224	0.283861347158
0.304251835132	0.481719474234	0.434909024046
0.486293657717	0.688344740665	0.171418073747
0.50694751743	0.502593418294	0.313862073641
0.478552531794	0.651252962913	0.203373264681
0.447920397879	0.488009614478	0.354770503372
0.409265425499	0.462572616988	0.40857611906
0.458903961843	0.527135756628	0.310902298561
0.3088677629	0.463535099333	0.447857702374
0.381387264801	0.512015118173	0.357566700423
0.314348954444	0.425287699594	0.47879257192
0.412435472421	0.341225881434	0.527150586725
0.447025462585	0.514484105889	0.322872844756
0.383136426679	0.433996764054	0.446345869764
0.486361036983	0.463221499471	0.361205807341
0.502503453346	0.516738435758	0.307629298006
0.410465608299	0.433243758073	0.40635527
0.357833941264	0.636219468541	0.243269051112
0.412246873583	0.495519322922	0.350405953049
0.550491279333	0.427659440477	0.355484370614
0.191934919023	0.542584115766	0.435823625841
0.543379536297	0.501138898082	0.293279206655
0.520878668894	0.424718898241	0.385205932953
0.458155491588	0.553088634199	0.292664914932
0.531682757952	0.477668426669	0.314541421042
0.312268945146	0.402266926206	0.533781407423
0.311591829323	0.438481089428	0.475387846315
0.489042454114	0.446130013138	0.375024060608
0.355543178581	0.402064343866	0.495646324176
0.299580773925	0.330322104836	0.600604864442
0.36250580668	0.34426739299	0.554610483813
0.416536908908	0.340275796708	0.52346308125
0.166336901847	0.23773514891	0.779240797171
0.279692646791	0.382444796784	0.563385739415
0.436718496694	0.356191736512	0.499588176432
0.479721560874	0.445954676688	0.373997011455
0.293683398163	0.42181909106	0.5047010014
0.350441364181	0.396122219035	0.507699683084
0.326655525831	0.311697995285	0.603446061923
0.322543164056	0.346640596695	0.572014335306
0.424230749349	0.403319181068	0.457942476304
0.516464373795	0.453594343206	0.348207157986
0.230962481814	0.235485183403	0.743536344393
0.479956180571	0.419101931921	0.406398393164
0.313364780822	0.3624988144	0.548845457467
0.199648549482	0.424790587167	0.537017402135
0.382209120849	0.409603001087	0.466914697002
0.232392392422	0.373416415879	0.604762420182
0.13419270981	0.366901773553	0.677404896057
0.364733884721	0.419877363962	0.466618080378
0.199246833454	0.290780275886	0.70020626694
0.318083426535	0.422518021497	0.479814720016
0.236528657516	0.409982506599	0.557148331227
0.150527989193	0.317090640221	0.702298759368
0.399784667722	0.383521610799	0.48843793224
0.24338129291	0.407894197092	0.549475327507
0.323368009571	0.349830323182	0.569140636922
0.40977579795	0.418983452376	0.441890292384
0.247017377294	0.311171851684	0.653353063433
0.338636713351	0.362227129877	0.5281853882
0.410671570185	0.458243225572	0.402990679437
0.327848232887	0.369556700187	0.547193413134
0.189224102503	0.445093803884	0.551503944851
0.257903447376	0.384907935222	0.566451466282
0.294193947477	0.412123074447	0.516632646204
0.248415186989	0.209812590416	0.761199722152
0.136760361869	0.406036753184	0.62634829843
0.164077639198	0.324143124826	0.699817940703
0.353763547008	0.43980094274	0.455071532952
0.309917294652	0.327851383769	0.593780046051
0.333405705083	0.362670689092	0.541463290714
0.217734977393	0.293282646458	0.700920462274
0.457886852936	0.41983822461	0.415562584787
0.430156164047	0.338888823886	0.528082020336
0.365364954484	0.300316889277	0.601216266966
0.250753326854	0.196467280184	0.770922076132
0.119883695614	0.313576148022	0.735568863433
0.333561953992	0.350163436516	0.568384579333
0.385594109897	0.40346572115	0.47588009122
0.337091132873	0.391944078749	0.511585607474
0.321577335401	0.410229880688	0.505550808588
0.395663783058	0.360505550402	0.507605996583
0.198145963185	0.310789670437	0.689297090172
0.281371345258	0.338548494924	0.591996149898
0.361621401563	0.394762011375	0.500106392967
0.345503357729	0.399540769212	0.508926876139
0.443405815722	0.330043404163	0.523919877615
0.51707218913	0.443902727385	0.362721284935
0.251475660377	0.241948891099	0.717155425571
0.202577633617	0.351138815162	0.634639965434
0.230335900206	0.245616127877	0.72635397138
0.511977570208	0.453345563088	0.342225399128
0.461836371413	0.409628500113	0.420830134664
0.280414021328	0.399815345979	0.540346788903
0.500747776054	0.368045289976	0.455776020954
0.322166696796	0.409673587922	0.513518546504
0.317333046521	0.394493022728	0.517907464922
0.314907687093	0.423140230544	0.490593695965
0.174590418283	0.333079524613	0.674330145833
0.283619730323	0.384927569302	0.548743894331
0.267489195328	0.36336635266	0.581999438843
0.208740055301	0.330380303497	0.660059326396
0.303161131546	0.384045208659	0.528716293296
0.262830476338	0.393263606421	0.55070099171
0.354026972016	0.429821808769	0.459874852409
0.270616700984	0.348071163471	0.5813273552
0.333408375781	0.343157859649	0.559942635579
0.233096324037	0.350314034346	0.627414961395
0.331215479533	0.287824672734	0.625831667254
0.435773471046	0.395596745384	0.462047368889
0.416504174242	0.353856152608	0.504651637148
0.198023402673	0.288441527727	0.710076152164
0.419209868539	0.473147477533	0.377645103117
0.395630979964	0.417384340584	0.457474031589
0.309920582598	0.3540713334	0.571426181447
0.322106095119	0.350914368914	0.567622937015
0.367139148661	0.400244597941	0.478997340261
0.461845727869	0.485566826644	0.342259555334
0.331928844817	0.407374911552	0.501096532853
0.270950995222	0.358181453496	0.591629413916
0.454585208931	0.420997662482	0.413345548571
0.385877388185	0.490057025714	0.380032121084
0.340241497236	0.387077384784	0.529202862776
0.403070488387	0.376485452897	0.499071836782
0.368498479117	0.425565983321	0.461675428528
0.278705001623	0.293735285108	0.651153053835
0.424895889255	0.401173733053	0.464369915012
0.329864506537	0.378944241145	0.53107536156
0.322061908595	0.368772621407	0.550159388245
0.316517787938	0.362568959913	0.559786541031
0.412794230909	0.372297009015	0.494945461241
0.431706088596	0.474533411002	0.357314821278
0.313431553294	0.372460816095	0.558385895717
0.3725744713	0.424808316902	0.448002219841
0.512180840782	0.509014187733	0.296916489361
0.247193215892	0.374591855649	0.586335481306
0.37734738149	0.378426865487	0.492419649899
0.434597272283	0.424125476058	0.437134013394
0.405001006538	0.395340837315	0.479205161111
0.319769362276	0.430092657609	0.470603373771
0.273734334468	0.396401279646	0.537376963873
0.512415843397	0.405855625921	0.383746779229
0.207295870916	0.369796494974	0.611737344584
0.252127094027	0.377912777755	0.580340084467
0.408085674943	0.373949301534	0.493049547904
0.376765864804	0.408559795904	0.482318735579
0.482681655517	0.468646702788	0.359058303083
0.593978090012	0.468871987838	0.298448075408
0.536288643861	0.462525526223	0.33767651727
0.248472109903	0.391055886826	0.574449435752
0.432836826169	0.438122867251	0.408559705188
0.264265011996	0.26685840749	0.693685045677
0.456200684274	0.377667296611	0.468243220813
0.343122865979	0.452744006287	0.448887440286
0.275821984754	0.337886163851	0.618483461827
0.2117308939	0.396204473406	0.589348120497
0.487502999614	0.427911047449	0.393115345562
0.387570347921	0.421258797851	0.457335877482
0.399589328899	0.498675637956	0.365738552633
0.319617554702	0.423186651176	0.495449483499
0.43310593918	0.455656885175	0.396722656098
0.380799957638	0.412842346396	0.46719067435
0.262032969386	0.35531260913	0.571633930823
0.366383436116	0.371659974053	0.530505917901
0.458833119833	0.482137725967	0.352777814268
0.261409826293	0.39092126751	0.567190232937
0.395875552818	0.483341055106	0.39329643257
0.235618500246	0.344931488858	0.63196540587
0.395254448093	0.395330535535	0.475729094828
0.328638289069	0.400189758518	0.516161607466
0.324004776261	0.344049869211	0.582543230747
0.186258261024	0.323608340455	0.683077440348
0.338341021252	0.397779493275	0.515550915418
0.404075240037	0.426558828528	0.444708902366
0.192760140571	0.3573039282	0.640751515669
0.385742337456	0.399887835054	0.486840554454
0.36341288735	0.36701140365	0.517326383058
0.336087375562	0.395510080729	0.515803398024
0.330463593557	0.413375300978	0.498546549975
0.309893781708	0.396116633891	0.524942409315
0.409137440191	0.430299026474	0.435918300546
0.381015182822	0.440319537505	0.45001526442
0.304985275512	0.44094286404	0.472648113149
0.349751888544	0.407217934892	0.487924751095
0.255710436964	0.352270183965	0.611226050435
0.347052320694	0.388952562045	0.515214663401
0.329369088442	0.355488223868	0.553254852702
0.290481473273	0.396148325011	0.543137046219
0.321040341998	0.391127072053	0.529108144909
0.149337477786	0.251434405325	0.77130862958
0.286229903741	0.312993843994	0.635047289329
0.314007504145	0.322710711333	0.605794159606
0.22015446197	0.361133791155	0.618021224327
0.330327824398	0.32759795894	0.597924471224
0.350240313138	0.405636517432	0.495794222674
0.397861411478	0.448940124478	0.414078618793
0.269912393794	0.426799914389	0.520821925551
0.2690346693	0.35502388963	0.59269117504
0.240752002095	0.385678120162	0.580791734735
0.412687606808	0.524719049852	0.325759963962
0.430296862762	0.424053382339	0.431737271221
0.371821578612	0.395595323144	0.476791202747
0.496172331258	0.480152394821	0.334979804681
0.42225986334	0.407240792194	0.446121306783
0.153070413703	0.324721103379	0.708041578356
0.449478400801	0.49234507219	0.352826615369
0.453575607881	0.379033328999	0.466555621605
0.314522710948	0.427121103358	0.486921149725
0.0926255536471	0.394003133821	0.683931181395
0.291621186042	0.35789454883	0.568003393504
0.318503847106	0.409671944905	0.51033272583
0.537885233665	0.470967172338	0.327755783838
0.356876028872	0.403568684854	0.483394867711
0.252321408455	0.398434574002	0.562200871092
0.279086652902	0.25713370249	0.688917589142
0.285962315687	0.349227233082	0.590519048761
0.298034295359	0.372526252897	0.560900525026
0.336303588776	0.413437163428	0.491571223003
0.398710684602	0.421309670439	0.453817296547
0.192100380465	0.306896670519	0.68956994939
0.476520573925	0.454544396214	0.364997287136
0.309411449222	0.317311089145	0.602222515564
0.278041011596	0.44352837343	0.490002523458
0.361481404712	0.470342471948	0.409597288639
0.17306412889	0.425258823819	0.583733174122
0.233748883632	0.359880858448	0.619189340844
0.34259746193	0.382940408907	0.508773046742
0.337508711955	0.325600471994	0.594426998293
0.241368168122	0.320762090294	0.648844911863
0.27047985959	0.362364528964	0.596856820595
0.26313982872	0.447682369079	0.503229232296
0.361313446973	0.388011045404	0.486197493709
0.337182439499	0.395300128559	0.500244190934
0.358672979145	0.389655951558	0.515229601718
0.411206543219	0.433890094315	0.43028913655
0.13968360204	0.535679806646	0.486052115719
0.372550346879	0.428823293746	0.452609625582
0.345650362527	0.422808931399	0.481957494847
0.476659751409	0.389685929061	0.43889827787
0.454838887709	0.400302825379	0.430380576478
0.538762005211	0.469227323595	0.332287197913
0.398339442554	0.372121871252	0.501204035533
0.47465030155	0.446883027394	0.371852395765
0.445559235004	0.543055198559	0.296841008649
0.446548327853	0.452129935091	0.382827010951
0.54911724494	0.418916979509	0.357275628031
0.407514343434	0.402560662264	0.468446297248
0.369506248057	0.450715971579	0.414920081031
0.343800899604	0.428519218839	0.478696770427
0.368719998027	0.438022598027	0.441852956073
0.385001292168	0.448756429222	0.398066238947
0.38324152986	0.374396039342	0.508166669499
0.27386068506	0.429432168927	0.510097943316
0.317167615798	0.370967374585	0.542974091956
0.341106025084	0.381312953699	0.519680609581
0.17246160528	0.334722115191	0.671463714293
0.471155548927	0.413645447664	0.415980948254
0.2205146657	0.375992530876	0.601367685809
0.304216241384	0.446787835821	0.474449460586
0.266205231799	0.443643795774	0.512460748768
0.354408095081	0.429891342289	0.452391338766
0.47812860416	0.386637325091	0.444078731005
0.347336331348	0.416505637735	0.485030126251
0.450457807997	0.384745423376	0.447017543395
0.245171929137	0.41991171243	0.53760172067
0.339847218884	0.356540263441	0.54933637315
0.376387978905	0.38104752715	0.498815772303
0.227024849632	0.406710635257	0.562324343167
0.482583387672	0.467053970388	0.357777372509
0.345669577378	0.405257773703	0.494416784867
0.352775457009	0.519577176152	0.36008832031
0.181575499806	0.399705335517	0.598823117789
0.419717873177	0.446337769883	0.41188940888
0.427313862748	0.468164040578	0.384898438877
0.265389725211	0.375804235692	0.574652543919
0.325070078641	0.356703163059	0.55574425731
0.360011079449	0.387584024048	0.498450483151
0.433079807941	0.381968116825	0.469270491934
0.407640113007	0.390094936451	0.46869303671
0.349927373885	0.444348423847	0.45159448099
0.144808985291	0.443285299956	0.573948523452
0.17284459908	0.211800252531	0.804603905566
0.417255456036	0.372482821547	0.496782908144
0.255649825589	0.393730527303	0.553657366231
0.289244287375	0.448418116706	0.465442993237
0.263047484762	0.492888677595	0.452560057525
0.26478341613	0.311078366472	0.635793852827
0.468533387485	0.465584725326	0.370968044103
0.221698455636	0.444178787928	0.525274686625
0.183050879377	0.434422696743	0.554598750178
0.36852142115	0.410052274357	0.475617573503
0.385856080965	0.457379711691	0.420295535693
0.275333029965	0.309616175058	0.643335480398
0.268987140384	0.40613843249	0.541158284151
0.411788778126	0.458216808261	0.396553099631
0.32861176924	0.369611835942	0.539263720787
0.337218138657	0.415258782656	0.49424521913
0.355452859265	0.493490707746	0.402123816142
0.43030141891	0.51164153491	0.346371954428
0.388145449989	0.421403243055	0.465929925149
0.304408817687	0.345524324706	0.570862570704
0.433621000393	0.474056724342	0.371871615618
0.336097439552	0.444161565082	0.463800587349
0.249378636227	0.351080398866	0.612369139139
0.232987955781	0.392026569428	0.572124777606
0.357736989536	0.409129460379	0.484320134384
0.237811250518	0.368428806842	0.587784081479
0.343403429541	0.447232566277	0.450836799796
0.239031220487	0.402141706282	0.533845298578
0.323247112282	0.425685753574	0.48461944345
0.448059745731	0.416619465329	0.438813574283
0.473033997552	0.43325597613	0.403403953036
0.294953280127	0.428506278058	0.502243191528
0.413641354285	0.434430747006	0.431791731386
0.263778233484	0.380381330273	0.568759646732
0.395415600213	0.382939816451	0.491684795254
0.375941650856	0.464940002905	0.40463310819
0.337058103849	0.553454874288	0.341626343966
0.263078935935	0.450108645457	0.4747610774
0.40850812447	0.403475309304	0.465136689394
0.332172136287	0.421744194004	0.48411000648
0.398124863927	0.435335167947	0.429812681291
0.389049918875	0.429246189336	0.452467588939
0.624601586021	0.461636379085	0.290432656039
0.339261100219	0.354648453102	0.541220855209
0.266630037745	0.363991915306	0.594117476069
0.390009506386	0.373140772439	0.499283449039
0.436137676527	0.501870709553	0.339953888145
0.369640101732	0.481196827304	0.394660513322
0.345946156375	0.438274246182	0.46418042807
0.356492933506	0.43052064791	0.457815902334
0.328369782484	0.466307011248	0.439021399588
0.223396199103	0.400740386872	0.579754771589
0.526153183192	0.523365183683	0.280103302633
0.271669952559	0.494673845992	0.449822938103
0.478500418787	0.485630020674	0.332941305669
0.34560057984	0.414172891643	0.474718881364
0.370255424172	0.441501230085	0.435376127741
0.346989839505	0.331293024576	0.582670866022
0.208638255411	0.46912042523	0.474410654976
0.340584032685	0.42031305457	0.481422176142
0.297059183008	0.43198926298	0.484292030321
0.339787590247	0.385510950474	0.518533578186
0.374165004901	0.511860874026	0.352735490382
0.424455563686	0.514655828948	0.331625052465
0.234433587742	0.375920933381	0.584336579395
0.305602452878	0.439299544154	0.492093508133
0.3654346645	0.422635736399	0.454983368827
0.368329063379	0.454712003599	0.423976407808
0.280836031403	0.505654342882	0.432183996988
0.202324352758	0.529046973533	0.423301098337
0.396096639043	0.415085435305	0.461312753734
0.320674861162	0.436308317847	0.481347967025
0.496716765187	0.443366549622	0.367223616578
0.291313981627	0.429482952353	0.495189113879
0.415401491682	0.417461760209	0.439372464377
0.373207295651	0.446472108711	0.447989707633
0.266375621518	0.473105598797	0.465704842274
0.332296464275	0.380778777251	0.525743690483
0.226674419578	0.506788303957	0.450073178471
0.324212898815	0.483218585338	0.424295122837
0.319456663482	0.433076780627	0.473456161309
0.181543395072	0.413378254866	0.586948215475
0.298044546308	0.400378599919	0.52064330896
0.446920689171	0.410291249757	0.437133867812
0.374722466166	0.431094841619	0.458975996924
0.190266425753	0.33863656094	0.664010928488
0.532534365092	0.502632253032	0.297031668903
0.342401212443	0.468962169534	0.414144103678
0.529848334423	0.444668031527	0.360686771823
0.492663848117	0.428102993227	0.38751653132
0.61526087234	0.522998645703	0.234469932866
0.40283047871	0.43395810044	0.432924392029
0.489451013565	0.548875485706	0.277508081613
0.484081034091	0.41936566301	0.410559368338
0.581677347745	0.474783933656	0.295123776603
0.330984051856	0.405386280177	0.505054912303
0.457244760384	0.444591177596	0.397895069406
0.599665806703	0.540988739837	0.238660048435
0.377441595308	0.429559364298	0.454177391705
0.249593933313	0.229259180616	0.726451665922
0.517513172416	0.504266339162	0.293935160399
0.283759707544	0.348196924311	0.592794508316
0.288599835254	0.338182287916	0.603619924771
0.392990843478	0.474973399693	0.399240153894
0.533046875605	0.541697872207	0.23860927128
0.237406030759	0.144790895012	0.828843480103
0.260645499424	0.334224448327	0.624551501214
0.428947142942	0.554796332792	0.281107666356
0.534124229074	0.489797202848	0.296955350505
0.443723808625	0.365927641151	0.487278453189
0.246515146549	0.526580850491	0.373749151969
0.334865283949	0.393269913482	0.511242706533
0.307578178811	0.480701609509	0.438354757885
0.173397024139	0.345576704213	0.658935713852
0.469500808588	0.469310924748	0.362510820947
0.380049156158	0.430672851652	0.451670932364
0.298077339153	0.384021489094	0.548510813761
0.186995734859	0.501860424454	0.485748276479
0.371403922967	0.426264842021	0.458420616767
0.481480555194	0.544281423756	0.28242265781
0.473288781286	0.42349770984	0.396061880492
0.263620086858	0.458321513877	0.486053831536
0.34070725854	0.454118305981	0.439353496633
0.359218057784	0.471427634373	0.417420071054
0.360482639054	0.368484687707	0.513540922319
0.261313502492	0.296153070074	0.659792239931
0.553177852014	0.407720166928	0.38351263568
0.096494412688	0.161355198769	0.886182163462
0.210688008265	0.268635025802	0.726936317822
0.464891650504	0.418759516933	0.422143873435
0.436440269067	0.373815000502	0.470451261934
0.367257362331	0.466861955321	0.418768458086
0.42118377502	0.51086570195	0.343266568647
0.364709583241	0.41977945892	0.463597350174
0.480722192747	0.480254606982	0.343009822008
0.474417088837	0.576942947611	0.237712943391
0.306065700154	0.407404431533	0.521495670796
0.442821463718	0.3859110917	0.465510843554
0.440074887336	0.433896568147	0.413231805437
0.294515285341	0.411101781255	0.51700971187
0.268214274011	0.438724443352	0.504033713939
0.548236468274	0.513847012575	0.284515086917
0.321412916634	0.393281889113	0.519809167207
0.27185350681	0.375737985228	0.579025169585
0.325191271168	0.368105510591	0.553591441811
0.379143154733	0.406380281057	0.479760040834
0.281963032535	0.371881046414	0.579570769237
0.442737574618	0.438951249019	0.411176589073
0.207983488655	0.404216280163	0.5874479612
0.264428439013	0.426983176479	0.511923381231
0.50211862055	0.430418873657	0.389445224071
0.166922856117	0.34287715108	0.665104511458
0.331621261907	0.396412148919	0.514669759823
0.42455911923	0.421146032314	0.438938561349
0.354194670733	0.43235348709	0.472431174148
0.457085514841	0.353944466827	0.485055715364
0.370203545093	0.452285372331	0.433316974484
0.359820595761	0.363143118623	0.534289325316
0.334638879322	0.391959787587	0.528761400738
0.49613119544	0.377508939783	0.45340842001
0.46071111873	0.515615993681	0.318273694345
0.331277433023	0.492583994982	0.388924384793
0.422289568515	0.471206941373	0.379648111517
0.405525527532	0.453344435873	0.41888051305
0.45225628861	0.430370216734	0.407257516867
0.361927868622	0.501475621581	0.376604961821
0.288112731953	0.379319750791	0.559926830424
0.281194031393	0.395730616852	0.551401697914
0.485279246206	0.545432755407	0.26564197834
0.344613131587	0.350459672862	0.550838496117
0.398015766006	0.424692301046	0.445658816319
0.302361845747	0.378607983277	0.554407003245
0.298826750717	0.243001070762	0.691853739567
0.18296654301	0.241669301656	0.766998605111
0.386534136135	0.384729783829	0.496693757079
0.457085896548	0.509042351715	0.330902267623
0.448549755354	0.425053031567	0.417329556628
0.45169032818	0.555382244058	0.285414104518
0.41028052745	0.416060482713	0.458978022387
0.246708597548	0.399975371276	0.565010195544
0.316228433345	0.4228618313	0.488373578802
0.429935594289	0.418512908186	0.438382028656
0.430172756738	0.453679742293	0.39823180203
0.462515270422	0.433674182179	0.393254430282
0.418336039553	0.398262539605	0.46526966754
0.130038916081	0.307337750839	0.745555296929
0.52765899664	0.390779325671	0.4125372523
0.433490652493	0.387384068074	0.465244655224
0.308018925428	0.448150125954	0.461394057401
0.473858172346	0.423983509208	0.409115999271
0.344872957836	0.372978184736	0.526451464515
0.423145328673	0.472713593717	0.379942239068
0.394404260685	0.355804739704	0.518341325425
0.289605559768	0.505655452456	0.408158256451
0.398971834384	0.446033422523	0.401526906123
0.319868486735	0.391688633155	0.515401867484
0.220646796626	0.459355934383	0.494682933105
0.461282478716	0.412665559813	0.424828053104
0.539539454323	0.463769151045	0.343161156473
0.3959355212	0.40086766872	0.461674588643
0.377342351138	0.459505574083	0.422878623926
0.36206933718	0.522914815725	0.349271657072
0.384933915082	0.339706950074	0.547635426603
0.465500056709	0.376781559545	0.457060705718
0.168177616198	0.354480752648	0.630341232974
0.278708660151	0.503129631051	0.423874821252
0.467865821092	0.383720503555	0.44961780606
0.26969110531	0.399735088669	0.556894554364
0.363616009755	0.429811275818	0.45601799759
0.372944571818	0.403880779219	0.483925710307
0.418133823694	0.485300959598	0.362053708557
0.435585303938	0.409085354558	0.446221771085
0.334128171107	0.326312675851	0.57268221648
0.367383844935	0.342090046384	0.554996590786
0.334355522705	0.333458686042	0.581901623218
0.414029333292	0.433509017811	0.429716901198
0.266289061234	0.448683117549	0.479526350593
0.103395007002	0.404269224853	0.673289078029
0.351062896233	0.396257989978	0.506855237558
0.431600621547	0.391772289103	0.459667136547
0.249335418784	0.427603633284	0.517403203499
0.256799547598	0.373864499654	0.58496448211
0.25752792082	0.276903509894	0.688933697958
0.261051925658	0.384141651418	0.5583615789
0.290649321473	0.413784878872	0.52150464561
0.260137679034	0.395057085596	0.558966440092
0.255229977303	0.386242982179	0.574484130364
0.212474559006	0.372907950331	0.62371977264
0.44638831628	0.454382478288	0.380205903112
0.386414960133	0.391505533084	0.484933018286
0.417132635049	0.536834862443	0.286010440682
0.124420433683	0.451444363819	0.583650102104
0.207610821557	0.355248715252	0.631561751146
0.404061572785	0.296941658083	0.579163848534
0.362644312077	0.425753130183	0.449599379131
0.357435893171	0.337002659788	0.552729738781
0.411522765576	0.414730165305	0.454868226837
0.33640285203	0.372450418609	0.533836550173
0.459824208594	0.503575023102	0.321338520874
0.571934470396	0.501958419568	0.278224996521
0.243460926143	0.367419599029	0.595244308698
0.43984814441	0.401932549503	0.440145883451
0.351068663393	0.459857806668	0.425948932679
0.445270314036	0.413879912557	0.432186501452
0.232668714883	0.428798295666	0.521758716082
0.376178577083	0.304144652311	0.580311315732
0.327268739285	0.442512847445	0.452862168212
0.18122625582	0.524572799695	0.41722066576
0.44384249423	0.393549592143	0.457193733831
0.407667705868	0.441253093282	0.422876383057
0.425620003086	0.426599991545	0.422199463439
0.299126215847	0.405138166388	0.520013762792
0.196308578673	0.39999795171	0.590704220948
0.296654446331	0.392713728706	0.533071538161
0.208828202909	0.419813491993	0.562108934599
0.459999933684	0.417382778336	0.397060141966
0.378384157631	0.451189226255	0.430642420819
0.299205987813	0.366738818289	0.572700741517
0.577504163552	0.539456900659	0.236075018549
0.25810173905	0.294618686527	0.678312615921
0.427710945375	0.413907061884	0.459453506395
0.251912152333	0.379330778887	0.563005289982
0.387843167905	0.416919692869	0.45868229969
0.373350428236	0.346526581465	0.552333654822
0.411733852844	0.388821107527	0.475887776351
0.377925266579	0.427886902109	0.442559923394
0.390485196617	0.359748951029	0.530406642751
0.350288235498	0.370854581707	0.535195627257
0.549849742793	0.428824559153	0.349289345618
0.379152996708	0.388931974023	0.500035141529
0.338347744393	0.318271653419	0.600141990428
0.278074393682	0.334712216629	0.620472215055
0.535695045007	0.480724536142	0.311438910582
0.301513331557	0.370651596292	0.561028990637
0.309372814105	0.423667617194	0.504385232845
0.479311839208	0.361357780942	0.468136571133
0.401081369368	0.386170859105	0.493239658459
0.395907786701	0.433314011976	0.43732621419
0.33952775323	0.351278242967	0.560253517274
0.477128413698	0.673745907145	0.17751169685
0.275565984483	0.344850908052	0.603190826641
0.297062512788	0.29416956101	0.653369055979
0.247561381611	0.341343898032	0.629993775783
0.262267810772	0.375410178771	0.582099904934
0.174872147683	0.371599255845	0.650755655564
0.470374604445	0.36496360821	0.473193297066
0.2734249109	0.361335734566	0.58416543249
0.175783231256	0.427740511023	0.579349442019
0.39546223115	0.456527058557	0.397961860777
0.381061695769	0.391193265323	0.487738168915
0.454270106567	0.447598620508	0.401459829935
0.3557075082	0.323297879056	0.577130704331
0.452713068853	0.374863170873	0.472375711127
0.459589564278	0.494043197494	0.339893036199
0.410330207616	0.402034171447	0.466196746145
0.312452135871	0.339929602339	0.574662901268
0.429316618971	0.466877580407	0.389780938405
0.381853260086	0.464221131037	0.407146546709
0.347881646289	0.354237507044	0.544432492343
0.354077184089	0.308336473608	0.605543158127
0.250958162188	0.283201837306	0.689927733422
0.493392681719	0.410294266417	0.401282879762
0.467377990907	0.457379338933	0.374679829972
0.422217628277	0.423449934849	0.437980936416
0.321622586109	0.391255269488	0.529057572919
0.405711224526	0.433294232418	0.436284758925
0.280911691501	0.353378123226	0.596665820713
0.372087321091	0.391472466187	0.50576790972
0.20680805468	0.32271570425	0.675462650484
0.382200106027	0.365333735977	0.521142256636
0.341762267358	0.352558418129	0.55123192473
0.43610872048	0.355130298059	0.50834676291
0.462300920289	0.512626108164	0.302240158551
0.227928846071	0.290072163458	0.695531884094
0.360740995063	0.402506713347	0.486203450391
0.352497835211	0.412796982157	0.465256180703
0.354003121425	0.399107960118	0.501454191097
0.360371575581	0.381132703802	0.506960943176
0.391392224147	0.408894711452	0.465221425657
0.291359648792	0.36364568939	0.571890106785
0.206696523221	0.179568351666	0.804736153648
0.530032882024	0.483989871419	0.327699615757
0.249454598498	0.404172093857	0.556894609486
0.203066679172	0.294147844835	0.704828063273
0.455511824393	0.372260344207	0.469519517533
0.507019360645	0.462289799176	0.357607823392
0.350206245763	0.41324761622	0.477280231021
0.520102218621	0.546691937753	0.262423761856
0.487013538187	0.350181171567	0.475440963228
0.413518391175	0.335973443505	0.54534664046
0.449283061436	0.476955030094	0.369379524971
0.409925921091	0.322509364068	0.556640089408
0.40446100076	0.440851520911	0.419724229636
0.377894597206	0.383843706525	0.498159418407
0.22704873212	0.367372020228	0.610383035579
0.35263711383	0.401504662472	0.497196857573
0.417770320353	0.401586924345	0.468542134722
0.403209108324	0.462504862918	0.393249016232
0.260468610103	0.282478084547	0.686584402488
0.502388251104	0.425534908978	0.384506973735
0.289655128241	0.366401821653	0.571902045892
0.392754663641	0.409938795817	0.454772717512
0.404194772846	0.44763311436	0.419775707566
0.183291487344	0.515797084494	0.445340134408
0.430512257014	0.484860598203	0.343333433619
0.441751628938	0.448164871245	0.385288660675
0.440851699252	0.399164934684	0.455006861794
0.370774461915	0.465378210908	0.415989323592
0.403651278777	0.420346630861	0.441235602358
0.427640558495	0.479048078613	0.374019711464
0.28489238281	0.394192803299	0.543416934343
0.277064785601	0.432096417745	0.504790133116
0.428174271681	0.451107917922	0.401203886283
0.264022810646	0.43741106996	0.49469532389
0.482115041024	0.49692813251	0.318649368436
0.385062851977	0.5384415943	0.330856806535
0.289324673133	0.438664291601	0.488984008279
0.293932288385	0.433370624235	0.495738331573
0.34370251201	0.41894571906	0.478939014574
0.312122532096	0.462936539046	0.454237675771
0.358947903169	0.409578436046	0.481513460541
0.430316761228	0.40601189323	0.432029757525
0.210278460082	0.354144325063	0.625929551605
0.35375732887	0.392257449101	0.4995882804
0.300572646937	0.373815214568	0.56252552654
0.333368739042	0.411979448527	0.496980875801
0.357807723095	0.518077907372	0.373536982821
0.285680254129	0.469004145164	0.453388390849
0.221371199605	0.456026741279	0.516433151574
0.514596061046	0.456139778864	0.350849775951
0.516144433631	0.636430633983	0.173619429049
0.265810549511	0.423531091247	0.520889952824
0.465512221993	0.497599491908	0.333681894219
0.399705449516	0.41729260776	0.447422605256
0.420848030693	0.463128496365	0.372339243533
0.51757778405	0.399149207964	0.405935934336
0.439657204533	0.443705748312	0.38926813175
0.33457135252	0.34543526408	0.568785412298
0.464840944121	0.454234723125	0.375281697682
0.538953673994	0.519883035482	0.272581461402
0.304127714171	0.366915506202	0.564437514025
0.325037343825	0.391996929549	0.526230448674
0.439543233776	0.379880239504	0.481260864262
0.449118705061	0.457431790383	0.378846906328
0.22907292401	0.341959527471	0.621449779072
0.495417927537	0.552637753621	0.27117615273
0.481724466701	0.375143255377	0.450463397059
0.325939735857	0.436120878441	0.47849389686
0.35902356198	0.321025738327	0.584430556971
0.635034880021	0.44678944021	0.301250446076
0.527016276981	0.385475395945	0.402007724065
0.449826443309	0.446334543292	0.402096276758
0.447526138933	0.441188861285	0.405812896987
0.298323532411	0.398653656701	0.526614994137
0.417861078174	0.415560082123	0.440627737159
0.356340381777	0.38189238296	0.514248726198
0.336955513682	0.431527401792	0.465950604176
0.325231552389	0.385482878281	0.529944565263
0.354292256772	0.47234723719	0.417836335351
0.378905727892	0.399073864955	0.486154799749
0.143494845871	0.565224909761	0.383985277777
0.434686941487	0.44857526384	0.40674410891
0.509324759209	0.437057426767	0.37560110892
0.353650255343	0.39260687944	0.5038555578
0.325777033282	0.351612465226	0.566790787034
0.522324744922	0.506149840082	0.29123158546
0.28505111784	0.293821659225	0.657510933872
0.361570344267	0.369315585305	0.527285328599
0.422837666717	0.423175468649	0.44154649384
0.397072152525	0.442082368488	0.419626231521
0.191994508001	0.303034959626	0.699172913161
0.318376000585	0.396528734556	0.52904507977
0.351112760641	0.338510983612	0.554189107159
0.498278073139	0.506893556983	0.32291514472
0.400609898392	0.407818968949	0.461529012773
0.433160478798	0.433770592358	0.418828630595
0.421974997477	0.432758686155	0.425605992152
0.507856631934	0.434897331771	0.355761350193
0.482503848668	0.48655028119	0.350624170562
0.509930703855	0.472149161321	0.3362105114
0.231798927018	0.412511461832	0.540970946035
0.386375243443	0.372072109032	0.503928041883
0.475765042525	0.389000718945	0.438309779295
0.450865739334	0.474475382139	0.366424750572
0.37391136416	0.455979575531	0.427374983117
0.336480908462	0.313860506917	0.59911043826
0.366727035923	0.433066390885	0.457989523415
0.236392502884	0.397349339765	0.562593534137
0.302626852481	0.474037234906	0.434902011568
0.556534969619	0.542596997361	0.253543467929
0.541553309066	0.434502628419	0.351458709969
0.223186039963	0.393900697069	0.566718273785
0.327657915481	0.398247171234	0.513822494668
0.254053902601	0.395691161944	0.568012221275
0.193471237203	0.447232263379	0.554731832542
0.283862138715	0.386448253383	0.554246871999
0.316071031066	0.388709576396	0.541816307116
0.339914883048	0.398275661447	0.503470435961
0.355555976726	0.420637147919	0.48106947175
0.320409174222	0.449958378479	0.462487097659
0.485722470863	0.450105981023	0.350242993262
0.272258433058	0.424749048319	0.514899472634
0.101482138457	0.418180523378	0.661836335836
0.243504201916	0.421780419511	0.534578718529
0.4101836033	0.428748326209	0.424936334056
0.39194168775	0.426986271168	0.438410267613
0.224544312764	0.43573437081	0.537718810842
0.400504397993	0.413953032667	0.463385927273
0.182272317634	0.359189722037	0.638336937236
0.459436844875	0.374243412414	0.460107889902
0.339048966285	0.419555731535	0.491636765997
0.45863322652	0.440027911635	0.396491536998
0.447007249984	0.354208979345	0.488213026717
0.357524185799	0.401935606312	0.496659907919
0.18598333829	0.448837973325	0.557983364511
0.245933152137	0.306118989857	0.670401229685
0.228388856243	0.52146405042	0.42466340732
0.402877790275	0.405008759723	0.464323788303
0.356474497401	0.370483450961	0.52587603628
0.128417942173	0.466512575764	0.58687083667
0.266833260752	0.487362213186	0.463096788642
0.278102804652	0.322126175389	0.621396720084
0.380600981095	0.41641070418	0.46425138219
0.0762988519824	0.524889208844	0.543962625322
0.589403475574	0.50258864149	0.263680090512
0.311446815899	0.289812756798	0.648460420996
0.254693433752	0.385433688824	0.533300661262
0.190033073137	0.498314061823	0.492272036962
0.488888551802	0.425193491077	0.401323967735
0.323967546041	0.449744724888	0.46437390437
0.542013905683	0.454941576651	0.337058520444
0.492794859518	0.421578712887	0.39540612484
0.31345323693	0.386279621218	0.539676849559
0.123678528335	0.479023418803	0.571217726895
0.396505464149	0.371631129037	0.51282458681
0.369128679495	0.398307026296	0.492290347568
0.431706160172	0.414882736138	0.433291355875
0.262265302335	0.375152154864	0.581086574803
0.208830877606	0.365498398699	0.62220835659
0.217277741798	0.375487711382	0.600718357127
0.400390460162	0.462688020507	0.409869235769
0.200870477129	0.361975078777	0.619258226096
0.456455240232	0.512280504831	0.331068782054
0.434278572439	0.424211651152	0.42308474006
0.438626213277	0.434683749558	0.411292623397
0.296721641308	0.351555246745	0.587648754454
0.243772864202	0.486895945548	0.469795462892
0.291284677608	0.412644098236	0.517580778787
0.362841450028	0.375908581353	0.505057099779
0.289502878786	0.392942089681	0.548837289012
0.289518834353	0.398939179424	0.539166877109
0.397776281478	0.363949273219	0.509282756181
0.461633519923	0.478825981753	0.359897820098
0.366938689402	0.416246930446	0.472740788394
0.183009585591	0.409599681639	0.597423616473
0.429148290948	0.386189323709	0.467428736243
0.388917095014	0.387376052027	0.496292193624
0.238759989167	0.391972647677	0.571197463383
0.240513645634	0.37737079114	0.589676693898
0.367981528487	0.42314651203	0.453758792044
0.309483738673	0.373165061095	0.557363555314
0.315847742821	0.37779131968	0.545224999741
0.396617344257	0.392046321584	0.48848352234
0.372690741089	0.383437887216	0.509676544066
0.415251133637	0.401748227899	0.466543771879
0.382960757018	0.383982031511	0.491088007075
0.483706913266	0.369901218229	0.46573063863
0.38811253309	0.367721472334	0.5133575573
0.357026277686	0.360742939651	0.533159900996
0.158342148021	0.370003946433	0.64456773519
0.350361836328	0.372406955607	0.533812857701
0.291980258516	0.385572460572	0.549898660559
0.44952102153	0.33861285956	0.507291949016
0.262388740101	0.210176642651	0.75821130615
0.452338099797	0.413786663529	0.426276987322
0.563338921378	0.412249709691	0.354413632701
0.380074174479	0.39205585465	0.484344834342
0.414306435237	0.374214270605	0.488130821783
0.418595418914	0.395981484984	0.468320129646
0.380524296205	0.353158474189	0.532933989474
0.37499089458	0.41523663498	0.476637555161
0.396567795707	0.352519910707	0.508329808793
0.399450809762	0.402368005463	0.480275256582
0.320903355583	0.417258976031	0.50842089711
0.387583648719	0.412048518422	0.462681043924
0.258344053044	0.348602251011	0.597986178123
0.300842724778	0.315649848338	0.61858003126
0.260255171949	0.373159078984	0.584128607778
0.381011237958	0.466652327448	0.415635918319
0.435552098928	0.408602830962	0.442345769531
0.329307222386	0.368090966688	0.546806451988
0.342224303459	0.428282685545	0.480367784334
0.454440545557	0.444726535325	0.400712301723
0.427101875902	0.424630459119	0.432331589917
0.421220401684	0.392975103861	0.465607202557
0.308525445767	0.360550075579	0.572109827875
0.461275007618	0.486505214161	0.345726608299
0.369877923193	0.368797467545	0.5122801713
0.325691062978	0.405730327172	0.509915962838
0.263120388814	0.398540637051	0.542851378895
0.228716033478	0.279429046765	0.702535808368
0.342737576254	0.379014827043	0.525349024988
0.422190574735	0.388277903506	0.461007662135
0.313120202043	0.423262186302	0.501340185276
0.447429512012	0.405293988356	0.440821822057
0.423082565665	0.428774009129	0.433046947963
0.292268843143	0.375767515082	0.55437576433
0.366882119697	0.393968857415	0.493431325217
0.319742842567	0.391766594576	0.531305448642
0.220816873437	0.378780603463	0.603038717283
0.343117985288	0.333179439471	0.575630267357
0.433094376978	0.391914117825	0.457824962077
0.372673302159	0.322397143251	0.550139203627
0.407808959465	0.405004862961	0.456372405251
0.340893580498	0.410814292043	0.484422392359
0.216595150011	0.308243525491	0.675826163276
0.368639532787	0.396581560381	0.493860498611
0.282828941559	0.418329017174	0.502504105308
0.309384284344	0.356763746621	0.569105390424
0.210815570243	0.36092258877	0.627872866706
0.317932260465	0.420877206478	0.480968305459
0.416063156815	0.340294823366	0.523065234535
0.345277991355	0.357942770757	0.544927556882
0.329795217019	0.372665816323	0.541580152002
0.207183413227	0.383988907611	0.584495249299
0.206049131272	0.243955610639	0.739573646567
0.262355938601	0.337224293547	0.606240833524
0.168678486372	0.358701151378	0.661782876628
0.363945439211	0.381090981067	0.512353399689
0.233625512729	0.308652541726	0.663587016912
0.380851646308	0.36921922084	0.497372960839
0.349545124497	0.372020549832	0.538094482245
0.324812624878	0.372630681465	0.532970116421
0.340849563038	0.353390933369	0.552913251013
0.269003399591	0.25691661705	0.697536592956
0.446150212596	0.443932147749	0.402074689595
0.383839789372	0.398032709572	0.479562259558
0.280559488845	0.436546708616	0.492082960993
0.359767663247	0.387201201372	0.466679017942
0.348961783923	0.413911150593	0.497003256249
0.461543007086	0.452959123216	0.383908430563
0.258904357177	0.381331206266	0.576118838589
0.22015637498	0.359200052785	0.617512140448
0.211982227271	0.358268718085	0.636601763245
0.341094506786	0.439176126809	0.455393878146
0.287250699565	0.478017502754	0.44771683623
0.433081419095	0.404021688403	0.442281885444
0.325522210232	0.347303671953	0.562140728848
0.377887601925	0.425308032983	0.450838063265
0.391948251064	0.389300164264	0.495464361608
0.408205049674	0.375727187657	0.489076393056
0.402548503538	0.422982762489	0.447206054916
0.398885252505	0.388493715188	0.491219437044
0.504300584114	0.431186511637	0.369385924463
0.322557675021	0.342805368159	0.576655322008
0.308036296482	0.390465217226	0.527257969355
0.30500669819	0.360992194347	0.526383523786
0.300139497044	0.395805265691	0.523399333702
0.400577961152	0.403516005116	0.450472399136
0.173423157364	0.324186906659	0.658954568858
0.317035556883	0.413598038844	0.505963337087
0.212208460558	0.464994998712	0.497722097909
0.410453528468	0.422495475578	0.433686262196
0.420398163483	0.454935022034	0.389953049545
0.217534214983	0.374655968116	0.60775029628
0.35533399457	0.413818438301	0.475600962923
0.185587783896	0.297075248594	0.704252676121
0.271930403248	0.321487542458	0.628832727618
0.259760728537	0.504531653597	0.434859299141
0.331685180398	0.410399357938	0.494628473651
0.381437802064	0.356897324885	0.523646315728
0.158657820001	0.468379001829	0.541876852508
0.267193361465	0.40762266265	0.522961728301
0.432358589538	0.45528372459	0.395834118538
0.316906939921	0.339122648216	0.587627425792
0.19238058152	0.321009762383	0.660766916276
0.372063360005	0.445921288643	0.439455277159
0.368908026214	0.427083001567	0.456215144662
0.254616428501	0.407994097135	0.526072190691
0.307267192704	0.330294396452	0.603765291767
0.450363438472	0.381196279644	0.462144559032
0.332402688612	0.425294690707	0.47784050671
0.529534316776	0.534579322733	0.275741558945
0.357031051393	0.410464374418	0.483252167169
0.31490132094	0.385020362284	0.522802480553
0.264723048605	0.442061570555	0.485580154145
0.555784753599	0.511167682268	0.277145661556
0.291793327882	0.375416878009	0.551585798454
0.45254256698	0.427379350949	0.416155305387
0.516792763888	0.469214871926	0.32003728591
0.354157359498	0.395009637556	0.502637241221
0.297832553939	0.39853646165	0.532025649648
0.319700534631	0.327959661769	0.600629419614
0.345600160587	0.430578684444	0.470947432193
0.448616987052	0.415234309746	0.424626694019
0.281244907669	0.42775418689	0.505765661247
0.138816855816	0.335638428554	0.685895129067
0.411514382164	0.557368027588	0.275693091716
0.303241536199	0.421391064561	0.487996829842
0.365646299687	0.330412318717	0.564891350098
0.290662887105	0.352799136062	0.587527295508
0.35372984463	0.422676844606	0.467416189911
0.455665647304	0.370681314976	0.468871947413
0.417069279263	0.431814506993	0.427070720445
0.302566746808	0.441908270957	0.461320206709
0.313402059087	0.463023608361	0.439113436653
0.442701438869	0.3822019138	0.459878737801
0.414376882876	0.433173283566	0.423548668934
0.327883979683	0.329758751083	0.587179382452
0.338462995371	0.424240124483	0.479074620413
0.525297551146	0.499375064615	0.299414465444
0.538426285033	0.529096341579	0.268844770734
0.272734370715	0.398687436876	0.558237673768
0.139296465853	0.387973040219	0.6386566888
0.598594523472	0.464536994515	0.289923220038
0.301816910648	0.445483711772	0.480837759757
0.514352642381	0.462050163414	0.333275392289
0.368680779198	0.391966793503	0.491169614303
0.381828237965	0.404771288816	0.481810519533
0.415197142894	0.360466335287	0.498976638465
0.271466360437	0.398800687823	0.541395264829
0.40336980069	0.414233845794	0.436284856175
0.31431810588	0.398017161676	0.508530563839
0.511628523897	0.548963679445	0.27100335813
0.0684604975541	0.403384734992	0.678200572114
0.333385494696	0.344477135189	0.569552439089
0.334595366773	0.409053086346	0.488209663773
0.580528178686	0.485859206975	0.279675293143
0.262838382713	0.398556457292	0.544080100535
0.430938558711	0.436897779625	0.408992848494
0.373553680162	0.363351735639	0.53024358608
0.347094522174	0.420618627834	0.471155001536
0.197850148961	0.397955645875	0.594163625447
0.365019359398	0.429781585861	0.458220880518
0.326703437619	0.329331017748	0.582489866288
0.327487725604	0.327556818957	0.592519712959
0.400193141669	0.440803464118	0.434643889312
0.375371352194	0.409253720509	0.464168596783
0.446248626454	0.412629350485	0.42767291968
0.329671941762	0.471732476336	0.422051913224
0.265013092228	0.361545087879	0.593184136063
0.344741768133	0.415385321835	0.483375248122
0.430446037491	0.44455759748	0.406484887974
0.506295795095	0.501747013739	0.316748668303
0.34620611901	0.390190279249	0.514920223945
0.356425230217	0.39508057846	0.502921072844
0.329252567778	0.36770264304	0.522757360829
0.450698603455	0.435363444687	0.399589972205
0.399402197632	0.381494147808	0.499127624011
0.357071656072	0.544010881515	0.340715918178
0.356248407766	0.449626255866	0.43676192882
0.475212925568	0.403415049719	0.428918981483
0.289860055169	0.42769478877	0.505257638874
0.408257493179	0.51308918018	0.323375999992
0.559331328996	0.439290026043	0.343215326605
0.430205609423	0.432716679432	0.422819494297
0.485450278547	0.430514894613	0.395815229995
0.42598763693	0.335330809366	0.522164436261
0.448010514195	0.46041034262	0.381948413257
0.509851956188	0.444883146248	0.370089987142
0.272374022368	0.418205209366	0.537897547364
0.375723242989	0.43024578223	0.456214918354
0.505689333835	0.382372047456	0.430054345719
0.203187879981	0.515747977398	0.449199469521
0.316233495792	0.427946766715	0.501755949576
0.394834721981	0.439450770095	0.444301662423
0.2486868502	0.402281462284	0.555062398845
0.313253862166	0.419103158255	0.478305197694
0.485585037874	0.436972636525	0.389656617821
0.250637876584	0.488618898377	0.452491882494
0.379138536403	0.392119720966	0.487664980684
0.329499580752	0.416635771027	0.486638514445
0.415087540645	0.414237589978	0.448228289277
0.389612376768	0.484798116793	0.387713741159
0.439476316322	0.532142563772	0.316548294159
0.430754352266	0.532211917161	0.32824797067
0.422133424496	0.430925485383	0.41985379248
0.334944608753	0.38930822142	0.513857484861
0.349665502769	0.35609938156	0.547015267597
0.270680050554	0.444049492722	0.488828298849
0.408815105273	0.456474362191	0.407194998488
0.529518884667	0.536012407127	0.276383712912
0.320285681223	0.344721495215	0.577263826445
0.348927790531	0.558707502304	0.326823236744
0.475602599569	0.375988729378	0.449528231481
0.299652090074	0.389913685405	0.538616030089
0.428017557903	0.394905508055	0.451839982754
0.264124614052	0.425760228695	0.509276955869
0.340399406238	0.507192254048	0.39114587772
0.511398544177	0.417535903641	0.37938409125
0.442307005333	0.411401583825	0.439271296406
0.294167931456	0.406514714533	0.515767017078
0.532955263559	0.426419327279	0.375183651023
0.377399513602	0.38331456533	0.494429435201
0.49942476207	0.420145617161	0.401160749394
0.3526524262	0.422770796994	0.453015359792
0.341501008569	0.432088039824	0.471477890371
0.462209704648	0.452160885493	0.38468534099
0.294069169589	0.404830759915	0.530212373927
0.373139676374	0.380780519247	0.508020850305
0.382754745566	0.396761290196	0.479603657282
0.346041478908	0.417659755775	0.487035523721
0.275427262069	0.350491139814	0.587718369069
0.458605405499	0.459781276138	0.380692758452
0.474146722792	0.494563900242	0.322460738653
0.21251964445	0.428181615578	0.54015814355
0.331844459738	0.42991349205	0.475486832477
0.25826081305	0.42256891485	0.523174383944
0.277467244719	0.50533369879	0.429481426445
0.427963233153	0.377887184154	0.473287594876
0.429232408145	0.468057623014	0.386678435074
0.248582587831	0.37777376496	0.556240066423
0.294845190013	0.403835023601	0.536610004212
0.213575543294	0.42813462639	0.548374767917
0.601542045833	0.424321521805	0.321345420494
0.322653166114	0.405059096568	0.519462755969
0.406158118212	0.375222386202	0.501482393652
0.27833340993	0.461210734048	0.472560455403
0.312316834063	0.40571746837	0.515845405152
0.475147450884	0.43939858961	0.382725391996
0.252555708934	0.284477703344	0.67768093282
0.190803114414	0.28451689155	0.726258818866
0.283557815493	0.377210627699	0.56903672723
0.354991156059	0.425166741325	0.466438722889
0.406348735842	0.522984884611	0.323677924048
0.455624392917	0.527844815575	0.31033101673
0.436690192717	0.445882948886	0.395301197838
0.397899769553	0.507973275418	0.362591745777
0.31329743022	0.326250811494	0.600725642734
0.229817634941	0.323834856836	0.663641345138
0.307808425989	0.340954928465	0.589888083269
0.264993258091	0.420634162106	0.523662762759
0.345884991482	0.35834590893	0.546862743067
0.295829318568	0.332699875032	0.607560308531
0.349124331779	0.41386939934	0.480650235891
0.393196020994	0.417282512658	0.455446676795
0.373546870066	0.453815332949	0.43133887547
0.38895821284	0.378165161915	0.490115326414
0.0985925133616	0.358966343989	0.716671685447
0.296659922214	0.292778444711	0.642559035337
0.339521723131	0.359283635911	0.553435007737
0.190945750965	0.436675490244	0.547083743634
0.374002142453	0.490530684362	0.38927495037
0.239661157601	0.362831943737	0.609172200276
0.238582137598	0.390881913319	0.574631233377
0.374737693328	0.432370059426	0.447064497626
0.382220359854	0.403474925771	0.478723833985
0.386676643052	0.426717418988	0.450393771203
0.374848477232	0.497604513084	0.377534502748
0.22642059212	0.431110803833	0.533124443615
0.351760057426	0.452970997644	0.432296674883
0.279264675633	0.259854316118	0.690004233179
0.263714476951	0.44722103138	0.490370640411
0.417328086647	0.47180100303	0.38597686451
0.364891249451	0.443208748824	0.447838842146
0.290459672062	0.43190491862	0.501671792993
0.301576252659	0.342204835136	0.588042075328
0.374370240355	0.480744353546	0.396488845259
0.323716875317	0.477801895837	0.436963917062
0.505403064791	0.470179504674	0.32804012829
0.340662390091	0.41795194379	0.487299409975
0.331938361372	0.405891005322	0.510402082723
0.280558022009	0.424713558504	0.514904023099
0.288999853883	0.424331739728	0.507377913211
0.37273549327	0.408339539818	0.46872287174
0.273476872684	0.361613749394	0.588591219028
0.263072144928	0.501448247778	0.441563289409
0.295623089243	0.427995659403	0.495940989095
0.46851143128	0.448576501717	0.371843229324
0.354919909036	0.436070258154	0.458527149637
0.280007308761	0.376497002503	0.571938272728
0.251181136298	0.419623331574	0.541729620517
0.283105840511	0.375156176162	0.565988769088
0.308190707437	0.40840428503	0.507762718662
0.214997968917	0.532556447169	0.422241162381
0.254143294454	0.370777567003	0.59579873124
0.27420898339	0.366741028629	0.56765983717
0.260213674345	0.400661532651	0.557128206647
0.300310599056	0.392608304922	0.546020117939
0.298127102098	0.405087523853	0.50735835354
0.349496731423	0.414816280676	0.486687170037
0.159620359598	0.406367485959	0.620190934656
0.404132803697	0.433011819885	0.442952057938
0.295222493407	0.404763077518	0.518709310735
0.288674341987	0.35224342002	0.593411509418
0.420958828087	0.373186216723	0.486656617012
0.233219293893	0.360617280592	0.615868259927
0.291541548835	0.436959871688	0.48671628752
0.256175101911	0.422552402226	0.529254922338
0.429096025263	0.388287260826	0.467410292131
0.338548117195	0.383914948871	0.529943384403
0.38868660461	0.399797641562	0.484710386954
0.244403849023	0.376325846367	0.575766511046
0.193355011288	0.375289945246	0.627764302949
0.446589063629	0.516558301031	0.330010932245
