0.557107841832	0.360795336427	0.343033051137
0.133681494599	0.785680892823	0.280476252255
0.324635752127	0.390928477101	0.455739221598
0.476968596433	0.429993904748	0.3642277455
0.206414520365	0.500809914045	0.5271155401
0.328274442363	0.700321574677	0.241824308648
0.272763977836	0.536132426587	0.383814775221
0.259877098538	0.373567505162	0.574263364154
0.633278770495	0.210450743402	0.453828686851
0.483328200221	0.596101585435	0.211794233605
0.473066793806	0.488033397676	0.303649401502
0.422945042412	0.406196333709	0.407368360963
0.276138808307	0.431555393828	0.518402041711
0.760242531451	0.420302417055	0.172279716732
0.457777390236	0.497100443902	0.325221741477
0.144645710933	0.607019102328	0.468431049567
0.159534989323	0.415791154742	0.593611592953
0.312915667098	0.64975848202	0.299302703429
0.290783371607	0.63022051244	0.309128383716
0.571807827962	0.45842132752	0.269476880775
0.282357915948	0.199046066587	0.7298824524
0.364738409041	0.373947170228	0.487252251501
0.15432077194	0.350240638851	0.644804105973
0.322973363189	0.283986211176	0.563029726498
0.507022741116	0.366578210332	0.369780481072
0.173828179007	0.323517314946	0.689951621307
0.478524866619	0.37690336149	0.422808878456
0.241167384899	0.429457826053	0.534975785528
0.311650840585	0.294559630257	0.633169133182
0.572645877759	0.411402350367	0.379767135364
0.276733328564	0.41770237258	0.523179252101
0.353962911851	0.308914476535	0.521201706455
0.219536056487	0.337387579796	0.649224093086
0.519196792129	0.667629981746	0.13687916355
0.354120205083	0.334476258568	0.553754866233
0.245741811694	0.470014209524	0.478365847228
0.230147957846	0.602072377294	0.399081911627
0.355054443102	0.556212649995	0.354427982865
0.245905705662	0.320277832618	0.657051359588
0.338239227954	0.321848822726	0.563630833557
0.258704154912	0.447160855247	0.454815788405
0.351556841496	0.477984415869	0.404712781196
0.278773133144	0.340043444264	0.584263967634
0.465417636643	0.605733454968	0.262342859762
0.250351600527	0.454454533356	0.469485144058
0.262200673904	0.629455959528	0.359425978567
0.409793328729	0.426081250538	0.433374664779
0.223253411835	0.385494698106	0.578152483346
0.188234341995	0.36062654729	0.644042744913
0.229106773129	0.38103775128	0.575583767077
0.359586544982	0.216355572746	0.681071212632
0.206211852321	0.315708776824	0.669156752517
0.162037069388	0.391451921975	0.603946910264
0.273351542736	0.45738091516	0.42683244114
0.521904227557	0.380942367899	0.434211236525
0.354677431659	0.361390756458	0.522872981158
0.272322812432	0.502498711636	0.461343315197
0.224740461625	0.294824795425	0.673897588346
0.364246706901	0.359352210962	0.528068312008
0.205722440887	0.265657200752	0.687457443799
0.173939707126	0.229036729569	0.747288538059
0.54938465122	0.44612365397	0.275912749055
0.564139307748	0.3891299467	0.325268162905
0.277665237306	0.370075863865	0.575689910174
0.484481189806	0.376489323165	0.427316482794
0.20273639516	0.231026655386	0.725580814029
0.432579466816	0.502818450195	0.345840021772
0.418203961026	0.49573045376	0.331678172509
0.404451510582	0.388450852581	0.436355511046
0.353755879737	0.46968064143	0.43052796908
0.273901071032	0.478365996846	0.464052968045
0.375465706442	0.403982086331	0.471441489
0.313637145083	0.380590425777	0.534593956406
0.371350342478	0.248555565397	0.614898800318
0.346219090439	0.432130445849	0.444079666014
0.253001036334	0.3271927801	0.617219095451
0.336860322312	0.572447354878	0.320732054703
0.201390708936	0.450200556704	0.519506981986
0.148239380112	0.281647624495	0.73292966382
0.212324644417	0.432402593798	0.547564363
0.431324867974	0.550981952866	0.301527921329
0.405828197612	0.338554223832	0.491526903549
0.211317481004	0.38912934133	0.563092702793
0.26785903075	0.33139191338	0.601710340465
0.268145508097	0.439395595566	0.490654669485
0.300025413385	0.327275488206	0.614745963323
0.263689923627	0.474582388612	0.46882085561
0.341482030927	0.310774807301	0.583508990329
0.0970783315861	0.564624951779	0.561791204237
0.368737161763	0.456501876716	0.430955719014
0.40143412204	0.162227608323	0.717554134259
0.295256539233	0.194859425562	0.729196952848
0.286514868468	0.478399153828	0.436213560204
0.465561996498	0.425853759471	0.383743796817
0.347071109674	0.497478458277	0.384195493015
0.341727599685	0.572002993259	0.343429827401
0.343493887147	0.119326618874	0.790997692652
0.458383155561	0.344665305521	0.470490198019
0.298974362317	0.536565138428	0.378771374873
0.350331786634	0.312065423995	0.58855513938
0.37709694757	0.524277430388	0.3505798103
0.528734129385	0.47942183258	0.327375069672
0.212601021616	0.510563617772	0.50496383054
0.332632580625	0.191622427817	0.71884342226
0.145857241274	0.448672001683	0.574162406085
0.444039301733	0.586118352106	0.253141543285
0.569347408074	0.414157693609	0.33698607817
0.435353133697	0.446023381733	0.413905005439
0.625070555565	0.34093887897	0.386650904294
0.201499356668	0.383578596556	0.572844422733
0.677451100903	0.215659510563	0.46257144852
0.283637613072	0.42854630244	0.46838971107
0.629488653699	0.520606736378	0.200908022743
0.599031757741	0.470704351912	0.292483049355
0.325055599257	0.271949528399	0.550154197204
0.296777588832	0.463983940568	0.448299957305
0.649014426454	0.5844723189	0.0998612156946
0.22964932361	0.625628365599	0.361437913061
0.407120853404	0.646142671998	0.22577927975
0.452056165098	0.333929340315	0.469866838569
0.249709063096	0.455568994877	0.478201753845
0.693193864681	0.435701087611	0.213017525753
0.420033771602	0.466368584584	0.392141871591
0.133995490449	0.322063973395	0.700299098163
0.294938426611	0.299325079736	0.633591920254
0.443105958596	0.477269068547	0.325075231216
0.469654996326	0.604843861358	0.230122607687
0.640659715018	0.321242171332	0.356505639565
0.386151797433	0.394307812141	0.485957241541
0.577684033746	0.406902679985	0.269737115333
0.335766831386	0.729892513124	0.230837526916
0.264652475412	0.370835127568	0.503067546259
0.410450741352	0.326235503865	0.538656339734
0.37316326353	0.223226501343	0.650400832886
0.288565455634	0.435469791791	0.475501121999
0.412797217124	0.527135902394	0.32451246757
0.307470312437	0.413219304137	0.513928087006
0.405337746042	0.473165092096	0.343553928204
0.530818329528	0.438838959034	0.329472313642
0.46239809363	0.395421322681	0.384699032679
0.491735769133	0.397949376099	0.359963449758
0.389679732329	0.361858853629	0.448203383011
0.689096330754	0.256491014498	0.278388436494
0.500971476895	0.45613124129	0.251643839096
0.205085439869	0.568365431904	0.405870706324
0.626265100057	0.491021595269	0.255064785716
0.299002024969	0.399754163259	0.540637069445
0.228143801683	0.479887699559	0.486814197466
0.395336977641	0.536252169342	0.327704593054
0.388653251418	0.403447502975	0.47531063426
0.378899053131	0.34251944995	0.525812541144
0.342380272352	0.287818069706	0.605744702818
0.533421848978	0.623231408974	0.131257767707
0.29975765964	0.623526665776	0.31985111741
0.210115863901	0.268307463812	0.669177212697
0.565001943103	0.330793230073	0.438683613186
0.72446062803	0.442705305499	0.217507174441
0.538398842337	0.507032061204	0.294715930814
0.415167352308	0.423748554467	0.426707025706
0.468289536624	0.371887923208	0.374829254289
0.520193365951	0.47596430801	0.277502576254
0.350855869655	0.374449488772	0.496505370738
0.201247806624	0.344674592923	0.650770745558
0.761493049999	0.258278393616	0.270619042959
0.446177143507	0.537041955955	0.302974115488
0.342507066076	0.552043325245	0.356354682229
0.520472349375	0.295097708376	0.416031530144
0.79710370911	0.496229883448	0.0932639406671
0.317801516377	0.574070843562	0.345218694073
0.586733674909	0.546928446352	0.15096334046
0.473438247053	0.48064160973	0.347524377284
0.401150314527	0.571706817877	0.306361929339
0.646493532641	0.472566581846	0.227907472191
0.526326141482	0.379718337784	0.392167201389
0.599902990417	0.632965199723	0.173022068704
0.500171012953	0.578628257165	0.211990340412
0.538894725124	0.763982554418	0.0599383783719
0.605319598264	0.308501786516	0.439684403635
0.324916256706	0.507773095389	0.370802329313
0.0706428639092	0.781627305109	0.327653258065
0.498530446712	0.363618780342	0.348484076502
0.41511843676	0.461549213255	0.323787382238
0.250659897353	0.534526024437	0.432613727117
0.292130147667	0.468212300677	0.448497644924
0.431325369434	0.48913094238	0.373503055297
0.328324947287	0.432203694815	0.486252786979
0.496162507199	0.442242360256	0.339921106234
0.267429793441	0.401732166867	0.54099267873
0.380610010834	0.513201838353	0.387525367427
0.449328136255	0.390390817365	0.402745356895
0.343041984712	0.542910750808	0.355276624101
0.67748331756	0.63400131493	0.0855938525916
0.306377988547	0.580946728352	0.344636568325
0.267348390622	0.396543111311	0.535119331263
0.546098365321	0.594352948493	0.23489747994
0.191869850563	0.458506918261	0.564292160635
0.391676362412	0.363622011135	0.498787609857
0.547157178179	0.489446670181	0.291848780558
0.245057576675	0.160774191987	0.776904366568
0.275531079057	0.453805221835	0.491395833021
0.392592946911	0.316521396653	0.536538662582
0.0745512836122	0.648504627274	0.511354633744
0.174540896013	0.306727124633	0.693392700062
0.21148170547	0.301853276641	0.67202332949
0.132676057075	0.229037657506	0.809831912461
0.354937669496	0.453048014681	0.439958191107
0.146609267038	0.750787479813	0.304828777907
0.161496901967	0.407727132669	0.600301111628
0.185702881232	0.441445729617	0.549775512634
0.322229828618	0.195913016647	0.709502621682
0.296189593277	0.58314260473	0.360747171641
0.259613208831	0.316546172268	0.613256420929
0.365276679603	0.378457926628	0.478130762636
0.449933958993	0.53684595418	0.305979121407
0.242552607783	0.54777330041	0.406878575975
0.329026152604	0.439582824329	0.450852795438
0.393138965552	0.497048739741	0.366880758345
0.374237929877	0.383488501661	0.476663822614
0.231063624977	0.467363611414	0.494528171813
0.413952198216	0.480773322638	0.374732972795
0.733721271942	0.318773165335	0.293865912801
0.309378091894	0.518335033056	0.391203277459
0.410586950283	0.186221111391	0.671503024486
0.144485770724	0.620701304223	0.38516678569
0.438524143303	0.538642398107	0.271090237313
0.43708856846	0.538866747443	0.336531136964
0.211265896716	0.498550291803	0.466047065662
0.313991808449	0.511598251008	0.399511726955
0.0549040331644	0.312024600932	0.840332862021
0.33288197071	0.486247746602	0.414329248905
0.182469374921	0.38025867041	0.584630753639
0.183848942008	0.219100357063	0.779712821505
0.236820910529	0.410380149846	0.554264581262
0.270512330357	0.340728980065	0.610924497721
0.101932479104	0.547385264395	0.577144971648
0.218855737344	0.20970470136	0.744260853315
0.249638987546	0.480513982602	0.467768241307
0.535819469769	0.311589204907	0.414070179449
0.249486762821	0.501498985977	0.448126830594
0.162836454377	0.114382548915	0.88123041237
0.147014602887	0.500237024526	0.550191437141
0.365520295679	0.373077088464	0.467398197817
0.240356517689	0.659283059052	0.276955167844
0.276637673126	0.41860899712	0.517103735024
0.284399799696	0.415664849493	0.5273870774
0.215997716309	0.15522456585	0.806355927448
0.460115535669	0.699447488805	0.162979908911
0.247358214161	0.217380271737	0.746739430362
0.219956157835	0.438837908483	0.529632728031
0.318404530518	0.496774971976	0.42512590592
0.321586116476	0.296693357117	0.581651982981
0.215970413359	0.299231018764	0.67350677675
0.296558329348	0.540530156987	0.381333407625
0.404155232941	0.484691901416	0.313919756519
0.169745799907	0.150632140434	0.835362433139
0.280812681206	0.592029362574	0.353550784754
0.134954957366	0.295061055135	0.724582668772
0.257897599478	0.53956404575	0.417956299401
0.254642291002	0.449087410342	0.513647423098
0.199448907192	0.476239654119	0.509065012859
0.373839276025	0.215731510781	0.677336740958
0.422073589345	0.548505297406	0.337846336663
0.526155182494	0.472258275439	0.340504830598
0.267970335581	0.502959146778	0.425391138653
0.332494376742	0.594410509818	0.337547246069
0.298789862025	0.498293245401	0.402380289973
0.181645158414	0.474644952784	0.5546062361
0.284202194903	0.491606910107	0.430057317473
0.22357464075	0.306023545263	0.638102956162
0.222177309022	0.3319020926	0.656163806223
0.382231060757	0.498481191889	0.37236370484
0.173984371057	0.3455335568	0.652370154178
0.343164859	0.427289711464	0.454060398028
0.180902086496	0.632023322621	0.376640508163
0.282415977457	0.469343891567	0.456419452198
0.108523662097	0.574246292511	0.531778152087
0.268367935664	0.387118046246	0.551363477109
0.358428778874	0.545999856081	0.347019482985
0.395400815417	0.296013909415	0.475045936809
0.261576989229	0.426372142716	0.507583907342
0.366064516212	0.419502970074	0.439474276216
0.22600614318	0.447733732335	0.545338064698
0.264894081866	0.397631131256	0.563241657919
0.500437768846	0.589053730764	0.243717269667
0.464471179891	0.468616389504	0.347086267248
0.278837811602	0.39388081985	0.52638058745
0.133409698714	0.555693600456	0.536547934721
0.402778270513	0.440922156218	0.395027289546
0.33430107005	0.442556997154	0.453071986171
0.279663920352	0.354136939234	0.558851386633
0.190226048606	0.296021154152	0.651460761753
0.319130870205	0.543843326333	0.394734563279
0.201822732413	0.472048337483	0.530121801816
0.500975433009	0.252937741176	0.531280135438
0.181378839589	0.456984519948	0.566623006002
0.270404428754	0.310613152612	0.640376782324
0.160793834749	0.25945995457	0.713931853523
0.431262980833	0.525630440184	0.320802889479
0.282796562557	0.460465616623	0.481672814542
0.359475137133	0.444074151027	0.424033221758
0.237597787944	0.324614876723	0.602877746786
0.253276174538	0.141083245133	0.808078578494
0.540057533549	0.537966610246	0.236517219065
0.433924569765	0.541558378321	0.303823392449
0.312107561096	0.439421115767	0.449431989769
0.229929323756	0.437917494794	0.533204918416
0.256233749133	0.479237178047	0.495191576617
0.316772609868	0.26707446932	0.636720526747
0.617889910162	0.382890396863	0.315524633043
0.219586634637	0.404886776796	0.572255302504
0.342816356182	0.28830647094	0.595850090215
0.365511111725	0.457976934132	0.431417763346
0.226814450294	0.391400606057	0.573339120156
0.11571487206	0.484908195487	0.555654562071
0.316274362798	0.433870867075	0.471074399822
0.497360584239	0.381769950821	0.373156941615
0.250659417159	0.419798015629	0.546283607963
0.30834277655	0.202187157087	0.725085243717
0.452441462281	0.408314759841	0.432855010275
0.210507584547	0.420401866259	0.554855863733
0.232138804049	0.456981755921	0.507235991649
0.265984429937	0.455166013725	0.490742940167
0.52584489523	0.174657240922	0.6695612076
0.35892788266	0.43482094382	0.474854144693
0.47611182813	0.423087300744	0.370980222485
0.207809855433	0.263669272697	0.724684570058
0.26410288168	0.539692121899	0.459069250584
0.458146783968	0.316810459623	0.466140228852
0.429623581264	0.370354738072	0.462825074932
0.48362207638	0.257539631681	0.505785912382
0.353935854601	0.427487865445	0.455217261268
0.467037508614	0.305182894284	0.382260977108
0.23031965358	0.426306135918	0.521695036142
0.202290798534	0.696486590567	0.280848114235
0.442720129966	0.39999450836	0.446028809637
0.238941588035	0.362576760902	0.583866332504
0.345591582726	0.367075047175	0.526153833112
0.315449177891	0.419091464817	0.496073168305
0.346599640942	0.420215502258	0.481667340822
0.328983161212	0.157229299246	0.754996597092
0.327167118537	0.535627274125	0.370988730764
0.397813184372	0.383230344092	0.47687634549
0.227692878556	0.354301478942	0.607144064931
0.24136036287	0.497947201289	0.45796529929
0.374096058936	0.503573046677	0.404176314304
0.129657347314	0.436443899969	0.615756383917
0.337517493454	0.564777676103	0.338171206622
0.512601196377	0.385637382942	0.319842361216
0.285568775847	0.403631899471	0.536941220478
0.312623555941	0.426507197738	0.488271658093
0.198351090084	0.25025801115	0.739461087688
0.351904456325	0.439110226407	0.422483414911
0.31882186328	0.492815561435	0.433673098954
0.164289112032	0.519354771798	0.518059824952
0.382392696003	0.402753793388	0.426214434435
0.296628300421	0.411628570013	0.531728881221
0.248233520633	0.578948321013	0.328716164566
0.393781345475	0.466336072987	0.40654963289
0.390581514974	0.544585249521	0.330715233609
0.689898150642	0.5110728119	0.220857759305
0.295757556951	0.410650653971	0.506941502853
0.343731439429	0.370248090575	0.523598594005
0.288960489084	0.448558309731	0.499512733897
0.231220816331	0.484081913717	0.478736310454
0.274482862837	0.469556410201	0.464988178604
0.262619373457	0.673563108562	0.284872565116
0.223563168073	0.384879254999	0.6014697722
0.254295867281	0.459633711304	0.503749745251
0.532347612589	0.481246805438	0.267224916199
0.35735996911	0.45746340611	0.438147330931
0.269397800341	0.411630466817	0.525811292938
0.275059868246	0.442453906632	0.464137892721
0.300315217731	0.457324110453	0.461488949146
0.50223640345	0.597372915018	0.218079903011
0.234420624058	0.294419863625	0.667125538308
0.312426670513	0.399991821315	0.500739247182
0.275254126872	0.413148341113	0.571196292791
0.557440966254	0.563739613872	0.231693439234
0.406616189557	0.410347468537	0.46240026702
0.43757125164	0.568008255065	0.295001220201
0.381265979129	0.526790214148	0.338430957741
0.296985816158	0.366988009177	0.567586029903
0.358546152313	0.476568428473	0.412021188571
0.438697823413	0.282816476633	0.556968754311
0.375730766666	0.591021470387	0.315854463893
0.404337519147	0.507440918	0.346870139885
0.256117660191	0.50117911461	0.450921435018
0.77110391898	0.565856554946	0.131565381983
0.380714381315	0.544289371155	0.335036643493
0.275181632615	0.131693289109	0.803470297287
0.362415152115	0.469302570758	0.31261311428
0.396520039895	0.22533263521	0.612781301555
0.384861820117	0.322884702262	0.521306688864
0.23149149627	0.487827530432	0.497163101015
0.336942690418	0.522579557401	0.393365976916
0.524890080909	0.53842890238	0.266173463592
0.560237809785	0.622288987903	0.1861129387
0.426727198322	0.660428559207	0.214756819137
0.409728158503	0.525884545373	0.344768342052
0.258660968331	0.37098833725	0.589883364608
0.300711163829	0.463851540316	0.454053983614
0.2230080131	0.643236029256	0.361334092107
0.270320470576	0.333073836802	0.608957217091
0.443392772723	0.372013404732	0.446569258317
0.421451426493	0.422555312307	0.428231019472
0.331307322121	0.20440220366	0.685134809415
0.284697019916	0.54336455053	0.390133717598
0.185046714593	0.491607299712	0.528402073452
0.212272748568	0.521522377984	0.456741831252
0.27324260319	0.286228357832	0.662296568945
0.209408392259	0.574391334612	0.401396415672
0.287084039691	0.210523698843	0.673360020322
0.180080864798	0.577636683789	0.42959724661
0.475762243932	0.450266490867	0.328117867475
0.183573914625	0.606233405017	0.415666701549
0.365541271059	0.49566208334	0.395171787657
0.351907336338	0.203391566465	0.695382980736
0.344126371625	0.503238753097	0.385920566104
0.403287467774	0.447248865586	0.409011027358
0.767030769963	0.341228133299	0.27787568473
0.403265653559	0.334750697332	0.52568119481
0.581852192654	0.261835238133	0.459679275148
0.242301987436	0.545714435256	0.426032263188
0.296754596838	0.131410321927	0.779385189317
0.426163327501	0.429879576562	0.423932620417
0.288235074	0.262825128006	0.663947690416
0.295832592238	0.297703799772	0.641879876442
0.349763928416	0.485801638107	0.388132981466
0.287847584065	0.38879796422	0.51431975189
0.648194604156	0.460794312154	0.257221107957
0.342968204145	0.277688080662	0.639918098946
0.370622404972	0.382257616799	0.501693898592
0.278962546053	0.254986259497	0.689190123212
0.364448113252	0.429886180383	0.453343203591
0.461016111545	0.342638269045	0.443934035045
0.417597875138	0.528227538778	0.34219338613
0.38389123365	0.481482246353	0.390566145605
0.358640035546	0.508462071465	0.394378694622
0.296842020718	0.666920261558	0.281172135677
0.354741964548	0.46413103818	0.396689159959
0.292146511619	0.458455554832	0.490237168287
0.280734423276	0.464582489624	0.466191256629
0.508796666829	0.483042149786	0.324649796254
0.17243296256	0.314925210628	0.696398596038
0.323516587101	0.235389779682	0.652639778838
0.337266768952	0.39730281529	0.480567500093
0.117976858541	0.401328528539	0.671388998076
0.431160111791	0.546463697097	0.336581749953
0.359352024605	0.215731416641	0.671564584654
0.176780768489	0.243287915949	0.719298664274
0.401146876664	0.420693879299	0.431923573442
0.273753923586	0.675474186381	0.275992354644
0.204526504841	0.298557540894	0.677456302817
0.317145185282	0.420686375821	0.49737004369
0.393549983667	0.210534359858	0.65581509878
0.2624929517	0.43879840684	0.488164662722
0.631916346072	0.295896762519	0.400675705755
0.423880265351	0.392234718068	0.437218758383
0.169477416114	0.355203034201	0.675865548263
0.336910563264	0.299940324654	0.596461346059
0.355119573911	0.577542127232	0.341344945767
0.402071549946	0.363073025029	0.486874915525
0.376875325969	0.374522995877	0.499808849706
0.187481723102	0.470958621301	0.519461221436
0.343117158428	0.297102298934	0.602501069082
0.501608141073	0.446743274078	0.384539150257
0.383643468952	0.563924158325	0.32466710715
0.399340867427	0.494907968865	0.371986618033
0.233785071763	0.448618987009	0.504310797485
0.587066825703	0.618063905905	0.155986256038
0.172706654394	0.545883677461	0.43064492817
0.380111205949	0.464261488035	0.428940017534
0.529166547668	0.379680540687	0.365246023047
0.28906367218	0.389673169874	0.550334598668
0.371192170078	0.497422963571	0.414481414435
0.453641583156	0.428655597956	0.392452633068
0.110301682483	0.379296616041	0.692870987017
0.293482235986	0.26453804959	0.684652728457
0.221056783362	0.421240125643	0.55763637002
0.309384457992	0.488118392282	0.447639871825
0.267347183128	0.478479994011	0.440992110724
0.297054742518	0.455948988391	0.454340720608
0.424527350441	0.636320587202	0.245922437374
0.475988078124	0.566240413258	0.247214601098
0.546535588133	0.146796275078	0.606191007052
0.392675737776	0.407273953275	0.444772915134
0.378068677396	0.369372172718	0.496749818787
0.143038743477	0.553477991793	0.546738783219
0.309690727263	0.489932332361	0.421730644213
0.463843373947	0.446579009604	0.325882001857
0.326941938628	0.408015287621	0.489258993632
0.341066859634	0.290697609033	0.614340686105
0.219552555021	0.472213526962	0.495522084105
0.375328813403	0.385263850465	0.493969650606
0.289114875272	0.48610923927	0.423914428143
0.622397536851	0.444967602316	0.280914879676
0.416632419009	0.675240392868	0.190018817809
0.221796514064	0.380444126599	0.557568463803
0.358014869864	0.123511785265	0.793680155029
0.503262435079	0.406512424489	0.381183836137
0.172357077496	0.355243640887	0.656229065345
0.516307348743	0.458366536883	0.369437978151
0.254271622975	0.386118216828	0.579326572108
0.38073732179	0.380822024659	0.481555377274
0.163918441021	0.464979455619	0.577865269852
0.202515523569	0.646542728771	0.375499017478
0.476598312997	0.525778078213	0.291560985604
0.347947058885	0.397439434866	0.478367708851
0.202336767513	0.385269273108	0.607940201124
0.187149096432	0.310200253145	0.660886945083
0.231560914542	0.339482777436	0.64435773157
0.260576979319	0.492681951422	0.440161151898
0.363465099764	0.234018179534	0.63543749262
0.352587281246	0.367475566735	0.49705412022
0.275582779096	0.102924688439	0.844068501439
0.120911873821	0.267233939892	0.793736289521
0.272931271837	0.329089388548	0.615817356748
0.352268046428	0.210459041177	0.668791176569
0.201540847959	0.440727320304	0.47406719932
0.113435949965	0.478855203879	0.56931914799
0.353366687403	0.477045855777	0.359971331989
0.261839331746	0.630800465998	0.281501936383
0.265484289609	0.297628406858	0.634599094066
0.155738333556	0.295395074939	0.713196459347
0.322756978174	0.362557700521	0.544266597311
0.544077076975	0.534024773136	0.255161433562
0.259925645495	0.393256353546	0.553958435224
0.343396898013	0.325060634102	0.579126053577
0.270768690456	0.321188146455	0.630845657053
0.377993406092	0.613557695204	0.269504491854
0.281502008194	0.562527871278	0.379802086565
0.188741082642	0.436439513855	0.536927734047
0.329678063172	0.175609660147	0.707622858267
0.330864617147	0.406216114905	0.49051300789
0.45510571856	0.370638950685	0.398088745267
0.359617747474	0.286119970151	0.599902318748
0.257990249108	0.341906180797	0.620384903228
0.270073519949	0.39188181202	0.492120297858
0.176523095085	0.289597088105	0.716376119517
0.211419291561	0.129954060875	0.8307871069
0.203221931365	0.465728596927	0.54177960773
0.27793578421	0.393555750568	0.535215926776
0.472281269514	0.359734775711	0.485842135989
0.150398057305	0.31818256058	0.712841741857
0.28865899456	0.447017111163	0.382058886409
0.253182630059	0.460348061078	0.500315091442
0.361868714292	0.271167667631	0.585239622252
0.370138568695	0.350640128105	0.514095932629
0.468703853637	0.502710539127	0.357866885002
0.253251089487	0.598151330736	0.379630737852
0.438577482049	0.447970473567	0.377778741792
0.418118552824	0.496913304998	0.363305783966
0.204721622746	0.474593877365	0.457777890194
0.412335816563	0.405701410468	0.481088302064
0.579792748285	0.619687253803	0.177423988586
0.527909384542	0.484941673756	0.312807238165
0.252664773871	0.457432171358	0.502343750374
0.394018999937	0.401146189265	0.441967282219
0.237834077105	0.306842361093	0.675120893171
0.284732573875	0.346050508889	0.595998732322
0.190844941891	0.404908427641	0.594615495156
0.172357077496	0.355243640887	0.656229065345
0.176273374532	0.612362800171	0.409510593885
0.416328912458	0.534829886553	0.334026358455
0.647014727553	0.160098367087	0.518880904092
0.194724749238	0.416890836191	0.527527761547
0.271046205435	0.538765571463	0.394493986987
0.362907107308	0.449590122064	0.382769104372
0.338788748189	0.459014130349	0.439550890318
0.222802139894	0.330859668315	0.637629601319
0.295684705874	0.212835920883	0.700537595753
0.265570961572	0.39893071099	0.556800733704
0.297422220006	0.519717189921	0.444983646947
0.229206702975	0.495042103806	0.451175147615
0.23996998697	0.512749036141	0.449033501938
0.387409726797	0.190078481898	0.671747913717
0.280989904597	0.346575517228	0.60012151173
0.36036302207	0.475936078656	0.420020046527
0.481692119794	0.545597131886	0.297940633028
0.367092171095	0.434988075446	0.453058031361
0.421062052646	0.483327281064	0.36059565181
0.222167371315	0.289010795019	0.67871681507
0.420975126485	0.292168853383	0.517562651401
0.397383675511	0.507370097751	0.373163905362
0.345149851089	0.501192031107	0.395432505438
0.390545604259	0.394457718887	0.482157730416
0.356877185521	0.477353560152	0.411801713096
0.506303374728	0.453032240239	0.35604738481
0.184706293899	0.563942734639	0.399226257759
0.466725914661	0.162170161883	0.628179840111
0.427301707089	0.175413645556	0.661702888936
0.368224826018	0.185193293409	0.673259486925
0.214186583239	0.285520010924	0.6793345173
0.3279679888	0.667374959802	0.23330012124
0.367153448103	0.450246108003	0.409087154136
0.428647174654	0.488255675373	0.366995010072
0.508730637924	0.410824945507	0.384516799588
0.177020745952	0.39041010653	0.641540237103
0.221771873613	0.346184948976	0.558302071354
0.288388649778	0.489357008402	0.46355398966
0.25368308933	0.467814427592	0.48345466764
0.213749519777	0.46533235658	0.522930693206
0.38951576354	0.427885684462	0.425166032022
0.450671851684	0.481730896486	0.36255752444
0.446836228665	0.449876133723	0.407895086518
0.271323126236	0.409369289177	0.548118895926
0.437447327737	0.103788563539	0.793056829754
0.23960355881	0.414298703369	0.497821932078
0.454849117089	0.486740559919	0.354686960657
0.417319036547	0.338992024548	0.454398927646
0.365302310232	0.423350280932	0.437403084334
0.48268681786	0.323511964271	0.478714842278
0.281151448454	0.139934335453	0.808275094554
0.238099775538	0.518932358986	0.480627329578
0.400454455428	0.29192155829	0.568200075216
0.328999364211	0.405678914838	0.523475223636
0.382654274804	0.363994585619	0.456416197888
0.54724392512	0.513683776543	0.246635292329
0.275361827996	0.276477975941	0.640586741153
0.311758142729	0.330814100928	0.597281166407
0.377179868418	0.416870314489	0.452299815999
0.275392827725	0.581889556504	0.380974042088
0.387247490554	0.445117256751	0.451768506109
0.546216843792	0.295184232419	0.462358922454
0.150778363031	0.442426950017	0.612308168538
0.430192242108	0.182975534324	0.676634709364
0.259866059843	0.556765352287	0.396579391245
0.365009026889	0.209962618173	0.66680151434
0.17371015817	0.527854884157	0.466039953998
0.501972117942	0.32269659632	0.486779908005
0.323220605686	0.533431910809	0.31640660479
0.244940674764	0.287168061882	0.686382281005
0.391787445239	0.379166080014	0.498057070975
0.433652777996	0.374583652438	0.456384594549
0.46930091714	0.473358213249	0.357425336848
0.319564012403	0.361941553886	0.554533734632
0.410112242295	0.347605709708	0.501594243762
0.444583134796	0.5482700152	0.314645189898
0.279192442013	0.356090951315	0.56518634374
0.446508516995	0.46337579497	0.373780935524
0.423490599208	0.232183747551	0.619443633656
0.43838163418	0.17210456751	0.692811164683
0.421516936512	0.239379873649	0.585031491463
0.311494183257	0.350971741062	0.554914054074
0.625247749675	0.0815001907813	0.698883715954
0.300328939832	0.343315258098	0.555679116433
0.297989222041	0.185138841213	0.758048652564
0.608829736114	0.0746207462365	0.723696352028
0.36132039942	0.461015747673	0.412895320522
0.722799275263	0.46159290918	0.214974329112
0.1839311806	0.631190887848	0.406413089063
0.551718367098	0.38318772264	0.394104261699
0.582848703603	0.381916985019	0.28437147657
0.448668194912	0.467261884172	0.379040323067
0.545985910118	0.328898393383	0.446566962858
0.404965999499	0.355364566201	0.500272293704
0.347063382951	0.409191652773	0.455278251246
0.45044279	0.365844544611	0.385246040093
0.479933261244	0.428864860285	0.398835281964
0.450516234366	0.557510974301	0.308538759012
0.648401570094	0.414153528151	0.296337534395
0.214687406828	0.581131366164	0.404075404525
0.410756814074	0.35899189635	0.432032083109
0.433217702727	0.493084996692	0.335499142778
0.497452255599	0.412194154767	0.38977184761
0.447581486643	0.427708409304	0.42148297566
0.274555392897	0.174450879558	0.76936123611
0.288235772113	0.414594405729	0.525799150186
0.470004186096	0.499948501316	0.330066851708
0.357831953824	0.551143578859	0.363019849046
0.207445295829	0.267259729422	0.698060743118
0.41600137919	0.615582888437	0.260783274754
0.162194591553	0.642595650981	0.383332863365
0.444648813268	0.270642756185	0.496326791208
0.530523725329	0.432052933873	0.355661802167
0.485901976154	0.288644996367	0.532373694986
0.355302162708	0.302562841992	0.56943402952
0.471275341562	0.346959527317	0.456169203014
0.480362523417	0.506778215481	0.309377418457
0.228684479177	0.4568635544	0.4770996982
0.407645385256	0.632046816715	0.271550367176
0.592327576259	0.395158758749	0.312242638693
0.664222959039	0.360049898904	0.353921884693
0.520805433785	0.47457945687	0.284918693307
0.365987393345	0.467786817884	0.378565255287
0.330776155111	0.357204940233	0.512855707869
0.28982891788	0.447665570157	0.459340431767
0.412323846671	0.230927342455	0.60242994418
0.397137911275	0.496432790791	0.372004176634
0.380394219164	0.376025620207	0.474302825016
0.298399762822	0.411599642691	0.510814798066
0.560425557774	0.564025194737	0.224159350109
0.409412044372	0.483851752915	0.37001422598
0.488720847655	0.400782440129	0.430533913477
0.559912487275	0.274017940924	0.454744986514
0.324287538755	0.509212713707	0.408127825911
0.560116463988	0.418120778649	0.349650667699
0.300794711395	0.595452691776	0.342882555454
0.276273470042	0.276384782563	0.655536294453
0.332288957768	0.439180316634	0.424833873125
0.477330874238	0.462788001848	0.388596867332
0.7383400442	0.228144475576	0.393098638866
0.319528065785	0.489547576557	0.43387919775
0.324776201801	0.494461305062	0.398594137229
0.316971042276	0.501858196714	0.409520816486
0.673112583586	0.52804005366	0.14539558971
0.597815621218	0.22919438488	0.480761445355
0.345914683086	0.151134554336	0.763042348338
0.489493344535	0.240226470607	0.546376269743
0.378249460514	0.517382469195	0.359910680865
0.272184300577	0.423301709848	0.360045337714
0.268139732921	0.284210160401	0.657100324045
0.550246375231	0.2386989263	0.529024865569
0.255380959254	0.505308147431	0.451756341919
0.595046790565	0.359110952187	0.322848806869
0.346233194419	0.33166771889	0.512681804915
0.377081887999	0.57165856051	0.320552435008
0.411549041038	0.27194252867	0.53443825183
0.196675009019	0.436378897219	0.562171448013
0.262008157194	0.448591074668	0.494990933179
0.264572570295	0.508154414961	0.423690613884
0.374356370071	0.4656923121	0.379574015353
0.225333529533	0.488528336417	0.474964187712
0.426280749362	0.457952910763	0.35051761846
0.25923378958	0.203570703441	0.756196376536
0.233327818124	0.349118865984	0.61273266723
0.482313383353	0.158367181074	0.64793802472
0.266239283098	0.296939419915	0.636993747188
0.293280129031	0.302270682179	0.628642754181
0.232137171975	0.381264755325	0.585555329723
0.188562578624	0.332416582833	0.664582931885
0.595037717058	0.129632585546	0.607397992621
0.48827763339	0.551513825991	0.264458895958
0.524584670175	0.218542334344	0.528460112418
0.221970979281	0.291350912685	0.671692821509
0.446087921754	0.490697543884	0.365701749654
0.705420982241	0.416714010729	0.250761259053
0.477912726265	0.517013071525	0.304249012945
0.214240219961	0.404081395919	0.564580598962
0.331897558705	0.414434141844	0.493677141865
0.442573549338	0.497694526776	0.377471137235
0.359717449004	0.511998260783	0.381174773113
0.369377145617	0.330493832527	0.57700492824
0.214063321995	0.40881015576	0.569819363601
0.25959243937	0.372489140549	0.575234866979
0.390401060893	0.601290709064	0.278064601346
0.48808744631	0.461481856523	0.333011201861
0.459088819137	0.450155397491	0.355100677056
0.439385002269	0.548106007716	0.297440066445
0.152039109113	0.112433433981	0.853834714834
0.228298644341	0.29888292847	0.677333590368
0.527228817695	0.392428611605	0.386123929377
0.285653330533	0.494795075388	0.41016377309
0.352888910437	0.330031123226	0.501326598281
0.424994680201	0.480396371611	0.401218158122
0.276253661868	0.323550546447	0.601669391834
0.615281035422	0.424422399103	0.285692105435
0.734416670435	0.295518880219	0.347956304912
0.422352856769	0.609076118556	0.271784617894
0.296111571113	0.37580920865	0.522563948384
0.371553490429	0.353743895407	0.513777100774
0.368018203955	0.370292782828	0.44760139278
0.247338689231	0.221758765414	0.745909331199
0.203975456147	0.419220750221	0.579623771658
0.329462283475	0.517531012764	0.381011098238
0.393180382639	0.512520045489	0.364133147764
0.394313434287	0.568150234305	0.310661168428
0.6609775384	0.664433694938	0.0808100586277
0.332754452905	0.445322483389	0.44993400518
0.303584230739	0.730464614811	0.201958671921
0.600240760731	0.430536142264	0.320805437882
0.341253549059	0.346349767377	0.464857483458
0.475439770582	0.413843777881	0.33659422045
0.360881957838	0.402414810592	0.397381349213
0.694439941017	0.509984784702	0.176066872765
0.2858914551	0.357152184669	0.571879205556
0.38129452309	0.46521262643	0.374054887698
0.382743658614	0.251485909965	0.624812204268
0.376581054465	0.487548427263	0.375522883743
0.379217660386	0.342849853473	0.534749706394
0.517016630483	0.523847598454	0.324780733832
0.813773955592	0.203446094773	0.283412746564
0.381841531325	0.409959291347	0.453313603569
0.471174681628	0.520905491802	0.326329985141
0.319597741896	0.336219045967	0.53311028106
0.606851670636	0.551789961819	0.206610747261
0.363342147759	0.40581019037	0.4624041437
0.650704667304	0.44767989344	0.27286750125
0.303962644321	0.399847607593	0.501192633342
0.52033923564	0.70798136677	0.0889469747251
0.435848469843	0.540349375377	0.316539794247
0.646105320963	0.331775306984	0.313140244295
0.728839774838	0.508424135477	0.166659156009
0.388465393967	0.634488125086	0.251620840067
0.336323423614	0.488687291073	0.42545287509
0.452926010685	0.217749657573	0.606703974706
0.471483113824	0.500202213126	0.322053298083
0.290026904625	0.492232352658	0.441271845655
0.363114960306	0.648752605637	0.262007622344
0.81878945347	0.190773507108	0.247003606084
0.43021911759	0.468597114045	0.365826060997
0.141720357456	0.493080665376	0.559521998845
0.557206925571	0.54282294881	0.198845832146
0.21072970325	0.798941709328	0.198471398841
0.279193416604	0.494044835721	0.433169632139
0.247975930159	0.475015844213	0.489613037749
0.550133896987	0.465430926914	0.306760912084
0.173765200329	0.245424669267	0.75202114392
0.374419782932	0.324136471717	0.55301149213
0.225863589931	0.552351117305	0.423943480451
0.46732053301	0.456481462278	0.273083590696
0.387709239261	0.57019994187	0.324531342969
0.636997996255	0.582409345117	0.131144716518
0.605465643702	0.29427551451	0.382806912062
0.416731735781	0.643661650091	0.205604344033
0.338308885433	0.517477693873	0.383999078086
0.394604669658	0.458442749855	0.333322148615
0.433069081857	0.434774136715	0.346772967641
0.152468980792	0.59107527185	0.452088813612
0.246934697121	0.478922156449	0.485518078727
0.194932948412	0.497108029501	0.502275157416
0.275813225529	0.569648216294	0.401558153271
0.37702608042	0.214333072662	0.647984705051
0.449776484818	0.321540976161	0.481405872296
0.713512138718	0.246488703309	0.267014741738
0.45035226913	0.441958261888	0.385691153123
0.273052218604	0.475633274053	0.465021268807
0.479212862328	0.411308662476	0.327693871103
0.477663117178	0.493902728103	0.328839665623
0.320863546033	0.22298334196	0.705482728136
0.382024421568	0.436419205253	0.421709467952
0.698121959869	0.492950797659	0.121459346547
0.502812901937	0.521686152523	0.310283456801
0.296232797864	0.62259696446	0.330116368702
0.143751898007	0.613544911709	0.418345215295
0.419306088823	0.31824005185	0.513683797381
0.485087404081	0.339735919253	0.483753655394
0.37789943812	0.574121266114	0.299132771295
0.271196548404	0.309374713868	0.595480344745
0.171054242606	0.512916373066	0.456046801556
0.254400116185	0.634500285593	0.303198868273
0.593896762622	0.582090640376	0.196244913166
0.877853414428	0.300394927923	0.131775127826
0.292386654685	0.17728247303	0.757714005858
0.430106207887	0.342760598687	0.511938118703
0.342592834641	0.569162460396	0.334485439979
0.692930258421	0.315822308556	0.301079689249
0.625059416307	0.520013224731	0.195357448213
0.434562193091	0.467222657022	0.369074780754
0.36717750286	0.421600051089	0.469648986009
0.225735428643	0.318461422482	0.625531378389
0.352727681606	0.491759856627	0.392169581391
0.604903908766	0.203056059894	0.406254048039
0.374810037029	0.4897956055	0.378907546871
0.565077676781	0.474163903055	0.294454167008
0.515636746229	0.475656822973	0.283020904746
0.391895219658	0.409668261942	0.440222033366
0.218618051222	0.410288430494	0.572104312204
0.287233735648	0.493270842651	0.384353029482
0.603527116371	0.410678025872	0.314601657275
0.4265330543	0.48926334954	0.298325262559
0.523222113665	0.16583281437	0.620826137625
0.576126549919	0.337786195653	0.37344121855
0.361169980466	0.241177354478	0.576289083913
0.865411858142	0.20416238264	0.251353714408
0.294800319776	0.440351984286	0.519120963631
0.42605609305	0.489023285823	0.375232689299
0.315809906438	0.52523755182	0.387895800768
0.200759867842	0.494048929577	0.485290785817
0.37898550423	0.47553250718	0.37992038866
0.388147545553	0.427951156024	0.396054836826
0.22356835933	0.593032562042	0.409616828167
0.372898519399	0.569880217857	0.296006382749
0.360985923863	0.500358362923	0.388570129908
0.521589395062	0.455378538852	0.311787603823
0.340746760554	0.438837023798	0.438924091741
0.376251495855	0.347176808682	0.48668429252
0.77153956102	0.207186558519	0.313097979882
0.336192748638	0.423235937109	0.435798072878
0.253870868318	0.356715277087	0.594627326007
0.43010549842	0.375397805742	0.442843683433
0.383127189286	0.39938639818	0.449423762513
0.304963469279	0.272819458277	0.613062140736
0.344052360473	0.397780702658	0.477313216531
0.541238860184	0.534967777054	0.260873871933
0.189609285401	0.558628812617	0.420765501098
0.335649468453	0.446007895231	0.44750375777
0.478830447283	0.311328584928	0.552658992336
0.187199436013	0.451007776832	0.544192682978
0.344436990168	0.456110904443	0.388816940937
0.123612170049	0.734374428452	0.317280482034
0.303982136772	0.264251035862	0.647154298562
0.538020064053	0.683677009558	0.148211527727
0.399807881475	0.363434532146	0.475665705932
0.449474132227	0.459067052442	0.357759234642
0.270467702852	0.367113560049	0.549610976186
0.304135362699	0.510242883586	0.412175261075
0.314003133372	0.512876129764	0.381430183975
0.294039453836	0.387137849732	0.532967514703
0.387785847836	0.575128462185	0.302758742702
0.351763191706	0.494519422768	0.404825107375
0.16507159386	0.647137028791	0.396012552516
0.262189237102	0.416785302208	0.509744958689
0.338267897135	0.444051007064	0.440406549472
0.48786533435	0.383042569009	0.413147963049
0.34307960166	0.34660189064	0.519094792768
0.253277070919	0.466426162495	0.501692710214
0.366025915816	0.512809840481	0.377354124357
0.597928830328	0.552117698735	0.242302765856
0.406522535708	0.624939406249	0.273259299501
0.445461790074	0.368834951673	0.460511082148
0.798870473454	0.196683199941	0.309575973472
0.469388992612	0.456727403236	0.378225640202
0.432644753864	0.438526398992	0.365348509483
0.201290061942	0.70001665444	0.300450286295
0.288542088161	0.475570657627	0.446227857375
0.398488238286	0.48735319267	0.32317715851
0.225919457821	0.356744359081	0.640161921962
0.325001369341	0.514526354133	0.390140618112
0.474032851656	0.535340943255	0.294828284058
0.167238117932	0.608689601558	0.432923173185
0.415950442936	0.472897278287	0.395675728745
0.147776496738	0.354439261535	0.651718477869
0.396128024173	0.449444583908	0.442741624565
0.136466059438	0.307159190551	0.680383802503
0.349892125567	0.32264550266	0.607792969091
0.236156832426	0.334715495953	0.547097684325
0.424208447119	0.518699898471	0.337321556584
0.458155359571	0.33562383926	0.517274290325
0.411040787939	0.337071436739	0.526918512231
0.266526177771	0.454670464968	0.406635067665
0.333868830421	0.42313904281	0.428671538246
0.295782653103	0.4275093333	0.426172745693
0.424379196562	0.415779910141	0.384126572574
0.26575898803	0.462945515989	0.453976938978
0.59172107998	0.66518611974	0.133252438622
0.458023352469	0.438165012073	0.390504066528
0.493724561535	0.263661621438	0.496345858435
0.503547738103	0.246518226564	0.583566697762
0.175024749331	0.305673981965	0.727313818961
0.222363608836	0.452015330116	0.526652116152
0.467696861982	0.284363827731	0.534803702349
0.241970106143	0.502829617159	0.450691063539
0.264169983823	0.294954770767	0.655521162168
0.425687602703	0.291965950901	0.583036573715
0.47366565419	0.345932514395	0.357584976057
0.288463566104	0.349331701446	0.529816558037
0.395138658049	0.511350541411	0.360424543265
0.45625700007	0.362001295092	0.444950227437
0.486320463923	0.318326323849	0.500284037599
0.475963367436	0.394027490654	0.427105686147
0.305453190292	0.351919055486	0.580233031128
0.220313069029	0.335112163965	0.605861528573
0.350358509063	0.255616476406	0.622384860731
0.413069095645	0.38891986438	0.439963919109
0.326267119635	0.523038697753	0.338381695468
0.236828185163	0.222054028226	0.730423561485
0.426498999685	0.559953707939	0.27538079907
0.2564635796	0.312544163123	0.63419772727
0.353490097304	0.529232805807	0.351948123495
0.312677674233	0.490231203702	0.424884548062
0.136154332513	0.46748423153	0.584948361877
0.237699916753	0.366392759019	0.578899488079
0.398119597031	0.420068531342	0.449255453109
0.187199497777	0.331046975501	0.672055308574
0.293894223117	0.47243914332	0.450526863512
0.277323193466	0.540463356924	0.400338423006
0.199943209631	0.37326708597	0.615205864742
0.288518102358	0.181901081612	0.733129488391
0.356792126767	0.407152696224	0.49186733667
0.294042958412	0.389289777411	0.522128783491
0.421916253916	0.421589422115	0.406512165064
0.264219655897	0.389985500491	0.510401781662
0.191565612304	0.480543261411	0.530776354064
0.504645204679	0.392726009155	0.425169016198
0.385126742678	0.29100009943	0.574147901477
0.371820689263	0.525744216283	0.329433383735
0.169700919605	0.258431519998	0.753127818194
0.253586058565	0.411678763337	0.524688326213
0.195757482467	0.22692363708	0.738338447363
0.173356003361	0.463290591799	0.549542023318
0.166182120147	0.274883696083	0.739067053715
0.364789062693	0.461858967498	0.415140321329
0.235141206261	0.317959573454	0.636448643779
0.515611202522	0.188008546761	0.556417134461
0.160607091337	0.150371961161	0.853902529788
0.376288020996	0.458398986866	0.390736711759
0.686368388091	0.2394837987	0.421248403602
0.42557701922	0.272718951973	0.570713824733
0.182484235924	0.26425879271	0.730071397215
0.152589140535	0.304234598022	0.729296269677
0.264096020952	0.279881549589	0.66289127161
0.33819244846	0.515600064084	0.402664208379
0.233402594226	0.326786470453	0.638066193363
0.294786797477	0.32749055126	0.606616567097
0.388873827226	0.422429672921	0.446606183245
0.225031698683	0.306545106806	0.668125618775
0.299005705953	0.399982923327	0.497023315321
0.322499007936	0.259696683363	0.661633509678
0.303751624369	0.382714186884	0.49719516391
0.256205361084	0.308706499611	0.617385084624
0.400583655209	0.212758301033	0.595176855597
0.288894852069	0.292976052707	0.613535462865
0.242060183342	0.398974699707	0.55549544805
0.159161727514	0.171585682341	0.829327020267
0.392210989797	0.374120107582	0.484411594229
0.355773659551	0.418917217024	0.494075769949
0.342560234653	0.561326808281	0.333949416436
0.333438875755	0.478594142541	0.421836563843
0.229299765662	0.495001140828	0.431040025659
0.365043858841	0.504789620664	0.38600109648
0.329231427467	0.163053083566	0.739883635817
0.314361859676	0.257915906945	0.644486092565
0.351778011067	0.354471944603	0.531550762658
0.309138304027	0.367816077901	0.551310471475
0.176202000642	0.248873762229	0.780347253428
0.352970732811	0.429006872604	0.446666126613
0.181311526306	0.272660242563	0.717097785134
0.420549046521	0.367157342705	0.446646559841
0.209651677313	0.618890447707	0.348411960775
0.317280042249	0.305485532429	0.537748180588
0.21495360722	0.289855725458	0.689213848801
0.281627546563	0.209871789916	0.687795663609
0.299762832367	0.253375142819	0.674135555138
0.207708983245	0.511447063123	0.458380301685
0.14484553099	0.207933931006	0.794031170837
0.433519781288	0.334225234656	0.474663470931
0.430055472567	0.470029333011	0.372738813791
0.275065623527	0.244272329202	0.672284437465
0.290298699866	0.457401558608	0.496034420794
0.371914039339	0.385740867196	0.514742276225
0.46865622944	0.499394349178	0.328306994157
0.309747031153	0.43031180971	0.489686562175
0.349650762416	0.402866422388	0.472112464973
0.320032320138	0.588843288971	0.353315457193
0.535849166429	0.46549887231	0.318638559156
0.239508891194	0.222732782321	0.739211329162
0.2565885375	0.3623083905	0.578872748909
0.373205986594	0.512230596678	0.397072331559
0.301108530422	0.253073095631	0.68148251335
0.257982933708	0.211429554546	0.736504376397
0.220825905496	0.30954947945	0.637710651962
0.400995069065	0.340227422462	0.464852059969
0.350974157309	0.356534637569	0.501630977496
0.427720724033	0.444011949448	0.376101339079
0.495011295324	0.609362441792	0.217066346667
0.239464325454	0.328130557297	0.664785925623
0.241018962957	0.384991730418	0.571720060569
0.243655037502	0.610021269481	0.375180349695
0.219225501286	0.121663693634	0.840277926532
0.388430245882	0.519029376421	0.363342150238
0.337845131117	0.362173298834	0.563328256193
0.213126089574	0.502434545363	0.474690115726
0.268484480825	0.523771843678	0.410877443634
0.370889878052	0.286051821561	0.607509773935
0.478568626796	0.388105325289	0.434256812698
0.238856763124	0.319452684995	0.649943779977
0.150469508413	0.483575563167	0.544200809485
0.563379540444	0.470319942028	0.301167242946
0.348197195963	0.450664166379	0.448672159175
0.51868568832	0.517936048362	0.323540759446
0.569234438599	0.538647939891	0.221237791982
0.516924694253	0.490005451558	0.290046712234
0.286544892368	0.262320691936	0.693211591629
0.421597398764	0.444813180388	0.389015178843
0.125198239047	0.308723207065	0.707207879801
0.374111492014	0.199230388405	0.649836085174
0.367370150262	0.438150837787	0.433835390787
0.190624008216	0.248417557162	0.750332662336
0.202115880962	0.414866407653	0.568150537038
0.351540350324	0.658676495917	0.254560555624
0.140877495762	0.411789183883	0.617513029154
0.378833739084	0.507270548194	0.364902801346
0.294601512833	0.402535965238	0.538152874377
0.321383340053	0.389139178904	0.513126106248
0.301978486374	0.33108146432	0.55557161446
0.243871945317	0.564512397036	0.357477240585
0.321776231279	0.216298425563	0.695060632054
0.551364716	0.608373887601	0.209091984076
0.398755331215	0.308886154497	0.542618223494
0.308529432629	0.508264081197	0.421309567618
0.317081160066	0.303511344281	0.623796191163
0.4035821456	0.349689830963	0.490006108777
0.408739493365	0.248872612896	0.605747639633
0.223498379515	0.408492583827	0.568219988757
0.243842134145	0.338849768491	0.602108269873
0.323444575206	0.339643695651	0.579947185312
0.465574644803	0.417118302649	0.405947176105
0.301807362487	0.0980609680631	0.852569499482
0.512753623104	0.570809866293	0.256201623644
0.284013087181	0.290224544151	0.639977621397
0.306355713056	0.450004865903	0.491958161998
0.339160869999	0.384162941526	0.526546096786
0.34133304447	0.451987015306	0.429855464743
0.297127542527	0.542329427936	0.367355518943
0.34536538519	0.408316722446	0.488270973897
0.288563063472	0.413250706079	0.522769150428
0.558506444689	0.556916878729	0.154174701955
0.237912816717	0.180393891553	0.785594280149
0.336479809221	0.395476880638	0.513580924142
0.260127828065	0.228290826726	0.705924225745
0.375124817479	0.353748496538	0.512742763511
0.258181517443	0.150106583919	0.789967466844
0.189806036164	0.444414360728	0.570142497535
0.224666325576	0.141672771546	0.836110415006
0.288810160448	0.260625558907	0.694536257178
0.177137055539	0.163367851852	0.841403048146
0.31112434799	0.395950801444	0.509164799092
0.331928610364	0.286484599691	0.547667006849
0.346019075812	0.449334077159	0.464998664932
0.20470787034	0.355542898773	0.634528214712
0.279602950473	0.369493820625	0.576722890467
0.324589601462	0.295617977816	0.6229690146
0.278555080638	0.489926057379	0.446530451565
0.16324965619	0.663819863032	0.395873760535
0.411120347081	0.467422098337	0.379399644982
0.472476580525	0.465925827303	0.365667023441
0.483780905799	0.441288897158	0.375976966484
0.293715359915	0.395633094012	0.519907725788
0.484263118536	0.551910875806	0.269616905834
0.397102215641	0.46821377174	0.353916728695
0.442817144415	0.488573275817	0.331561791199
0.168447717546	0.612370449211	0.430481906782
0.268069683588	0.432832997405	0.506632868741
0.419707116003	0.506864353389	0.368732493389
0.627372252709	0.409996739782	0.260722892911
0.228520640759	0.550346384503	0.404884804952
0.25572596975	0.256808457699	0.672160052337
0.256300295715	0.250086997644	0.710387867169
0.315690311826	0.192105409864	0.705811152003
0.240118738126	0.379279032613	0.578210637211
0.329107243223	0.496502050639	0.411187264936
0.520142023922	0.432578235521	0.346852251693
0.204491850137	0.36490154019	0.630544467961
0.313582271324	0.562315192048	0.33133246633
0.220142029129	0.16259718712	0.795893644926
0.310288014245	0.405154478212	0.509087472049
0.229910563226	0.458352846663	0.465826526829
0.222193668053	0.343262272295	0.618480457411
0.181456436872	0.221154232015	0.772752605158
0.256791838904	0.535415890894	0.406929823563
0.132185753731	0.214875101111	0.795568551464
0.153881249256	0.440695394085	0.537483464812
0.251143641796	0.260335805412	0.689232770053
0.279509631817	0.507874366212	0.465488145094
0.395753118654	0.369811463011	0.450277405692
0.185712416015	0.309157955136	0.697257979164
0.406591339133	0.333656229419	0.495043823156
0.379544829442	0.485362806759	0.418615443994
0.287899645736	0.638575173435	0.305174608906
0.331620590354	0.357915914342	0.560982230432
0.281398691696	0.464639444184	0.484397402872
0.500855940715	0.462769828111	0.337244807426
0.526101632892	0.332845235862	0.303256712125
0.344433154091	0.574794980195	0.331253026993
0.594155993438	0.32467508563	0.404061930848
0.471673517739	0.330644462582	0.43438584744
0.416259015198	0.534582244208	0.332962406176
0.473905471121	0.540176485592	0.291050161672
0.566568493474	0.448377024043	0.331082679247
0.243375870926	0.301316750425	0.655930587049
0.194128612462	0.491961120655	0.51787788042
0.385146877368	0.518008437855	0.370344137105
0.233674906089	0.479144976704	0.498010475679
0.239924713696	0.529424327881	0.465951867959
0.175749652759	0.288751082849	0.698372062512
0.217040956063	0.351181321118	0.633424999611
0.282630612523	0.391403157071	0.563512466249
0.321849143858	0.468353866576	0.441248325
0.235424456436	0.379809060095	0.599187588027
0.301175668568	0.425737202925	0.438615571503
0.291129064727	0.310327290879	0.623026723559
0.176234789841	0.522746682866	0.487962097096
0.34770987626	0.510896202715	0.399890393543
0.545918672857	0.558609565355	0.149053378123
0.357231713756	0.398924021819	0.408793250263
0.38414569084	0.458165349201	0.408792508749
0.29933961645	0.525531351375	0.369700167482
0.418456242492	0.358522048298	0.484477302883
0.430564999277	0.329921953755	0.511917740317
0.151466640756	0.313795531019	0.720095850112
0.149871921712	0.403843122791	0.64805385551
0.595682449671	0.480233452298	0.314921379102
0.438149985136	0.495057095285	0.214356516864
0.428110632482	0.538496740475	0.313953472709
0.314860339552	0.216531128595	0.704903730653
0.523117481337	0.269186912236	0.524506465594
0.433448897717	0.468457435304	0.380245638043
0.209442407476	0.41551210069	0.556129297644
0.241551782492	0.144795629424	0.803583910019
0.45802494341	0.428733532293	0.390456804586
0.456237761628	0.555947425195	0.299783871866
0.301982163017	0.535903590437	0.365705294847
0.331452577501	0.340361137812	0.576339600641
0.218225398302	0.376589335809	0.559610620443
0.291043391417	0.286275253781	0.626028486802
0.413487316781	0.39470877125	0.439910040366
0.369773011264	0.358683053227	0.460750505598
0.14998704788	0.335535422471	0.69407908917
0.347996206197	0.547461309564	0.356428322793
0.198841700622	0.293010273791	0.655459254676
0.331790655089	0.486645403674	0.409697707739
0.134190400406	0.564823263244	0.498280588896
0.302893174945	0.600613307708	0.320976142816
0.419585766816	0.456887967137	0.412740556914
0.683659696307	0.483702183937	0.22953827768
0.353735654497	0.125221502192	0.788158530177
0.434117829263	0.490974320952	0.319802418609
0.30130263451	0.621849350266	0.312846548978
0.333515614524	0.370841225268	0.500482064972
0.514993063556	0.478688203134	0.288527715237
0.346656685527	0.449893628578	0.451695573182
0.471134792106	0.368066720815	0.443959048071
0.327198635958	0.405249090807	0.496527030798
0.254008120854	0.410950603789	0.531698802282
0.341922743823	0.463284043285	0.421569179239
0.416481037818	0.435958416463	0.425945847378
0.427467336883	0.215008878802	0.596061984192
0.193628617274	0.531667061253	0.455052092286
0.370245059963	0.465954755516	0.40748838698
0.262725309527	0.40321434324	0.539836313118
0.277800036114	0.571460721541	0.381692497234
0.296546405229	0.213866181495	0.71931880092
0.342879729663	0.323272080275	0.57024405384
0.403322578095	0.473983120322	0.351938709786
0.654036217673	0.605113510786	0.148292230761
0.255927869085	0.528072948432	0.388002236398
0.511436212093	0.557671712105	0.262925695994
0.290715902182	0.401509358853	0.519693091533
0.434383930345	0.183477195082	0.663724346473
0.358668608531	0.334556731168	0.570290739334
0.281572399785	0.650070749172	0.28694665587
0.384155765372	0.4759306366	0.370541313098
0.568310997088	0.493531701797	0.222274700917
0.25191778281	0.544916187954	0.408788295117
0.392960244976	0.617929350546	0.247117835501
0.360851978845	0.395349590881	0.481022018641
0.473393453112	0.561525350759	0.267158261329
0.306502337995	0.302236988245	0.58712555032
0.249748385257	0.408129338107	0.528512818804
0.47286082685	0.369895016395	0.447851495297
0.461817743642	0.478481893747	0.292233858338
0.11969792996	0.581676566073	0.458657083145
0.413911744474	0.382024458376	0.466603351538
0.256302499615	0.715863904937	0.246797938948
0.379310566781	0.3984952227	0.458515357317
0.224438097649	0.435952738047	0.510208261557
0.436226120317	0.722727107156	0.110853636688
0.292453931588	0.445216373861	0.468246907485
0.486539007644	0.450310625668	0.3605286837
0.284107127878	0.445304845608	0.435471426178
0.158968341912	0.391521814999	0.600046584061
0.252941202649	0.494911021721	0.46696897914
0.157664898812	0.60761864401	0.434389650572
0.46029965246	0.660793341312	0.133792275831
0.349285157243	0.564080446323	0.344892663251
0.293193782841	0.420326344967	0.495836071711
0.414166176508	0.50325632233	0.304940891473
0.357766123591	0.611684961577	0.289284827976
0.0912421506064	0.478908531854	0.590828403368
0.426097466767	0.402010075358	0.464432194427
0.423185953949	0.365363511149	0.461157862712
0.451303567478	0.36060275637	0.493572323978
0.441642287418	0.499633247902	0.321947520683
0.246403113825	0.63758666527	0.308033187157
0.45816158008	0.244551727844	0.537315537229
0.204959464884	0.547572533172	0.447825583947
0.496192176171	0.386351504882	0.410227252372
0.185098199894	0.565517094125	0.458577654309
0.219469345961	0.569032305348	0.398678072704
0.433446574266	0.437016597643	0.398960516018
0.267563612112	0.603967552144	0.355853261809
0.270980208463	0.355343129383	0.581736069234
0.232814044014	0.614838362542	0.372197796017
0.419335610021	0.495505310845	0.355954555687
0.242191670702	0.560061048507	0.436354463876
0.415121591445	0.494187776633	0.340962550453
0.430459157048	0.54787980259	0.324124230823
0.261247568492	0.374064179884	0.5534858003
0.377322687831	0.409725083687	0.398918741593
0.157150362211	0.412544134511	0.617274297278
0.646656375592	0.745597867132	0.0724404162164
0.192003489374	0.419011769894	0.553009450224
0.426760261662	0.369701182279	0.428724634411
0.469720357041	0.55032451003	0.288553426363
0.44024467892	0.436365281378	0.326840607846
0.380497855449	0.531701226287	0.342625693261
0.401893500887	0.603242326411	0.24455296761
0.343031480066	0.31068709672	0.596960139581
0.607564076979	0.313353321537	0.299324827654
0.375855315973	0.256846687121	0.60891121489
0.431327273775	0.404039073609	0.421533873528
0.529910824022	0.539173705327	0.239860269318
0.191971835869	0.588306702591	0.434690768257
0.196219239452	0.243353485147	0.734049814366
0.309400411274	0.571054367853	0.371345231406
0.213771388997	0.324314096729	0.61218415179
0.288843644975	0.180926482166	0.763055886024
0.516437507079	0.437098036933	0.318475709911
0.654191255504	0.43634081691	0.188495463024
0.170606138389	0.199358163242	0.780403267028
0.137459994633	0.403229082682	0.639530229715
0.38551301238	0.504390189996	0.360983945885
0.556175128405	0.457481301224	0.323392108399
0.384624388416	0.179018377742	0.718187367932
0.351757313537	0.447898762007	0.444789482329
0.221742884986	0.178202015428	0.758013242539
0.488739812225	0.541836476118	0.288300847351
0.0987668741918	0.258058111473	0.751123744021
0.353837333644	0.235944478629	0.632741185552
0.373192358506	0.73499927224	0.198453316874
0.118570008737	0.549328279607	0.499121973074
0.255624086239	0.467617458694	0.481301637525
0.319823835713	0.350692304412	0.583310022651
0.420556403444	0.564786424522	0.303799671774
0.304606135106	0.269919480338	0.578727896761
0.187015051636	0.613662980262	0.386521767329
0.222615577324	0.544860613194	0.424618762495
0.266565971527	0.465441864936	0.463119127324
0.41872454865	0.284876669663	0.557892442759
0.250575833747	0.176796538641	0.754432855
0.400397962946	0.180009335046	0.717710596557
0.197830735515	0.181005970235	0.786028435425
0.239724069973	0.3009982256	0.644760611196
0.184718975365	0.411115903826	0.588127544771
0.328503792205	0.373576795779	0.522462059171
0.233794554755	0.459715988684	0.45656988601
0.329819312237	0.520999375991	0.357898485152
0.314513169722	0.428399013755	0.474659761481
0.494949739368	0.283247656511	0.418697823427
0.695844820129	0.297958213777	0.243249436414
0.437412780973	0.39446466938	0.441119075773
0.326428268228	0.437177009466	0.458179115956
0.310993528338	0.396739208273	0.489698860393
0.195116286745	0.642047897147	0.366614797142
0.203815040412	0.473851416337	0.49565384165
0.356839172906	0.640962926764	0.272302345676
0.51741623594	0.300147770406	0.480389887786
0.267110775419	0.352881595651	0.586329693766
0.218404523614	0.375167935842	0.578881365387
0.305839223173	0.555628881106	0.34706663135
0.168605141773	0.319576587323	0.689483029093
0.48193118349	0.528713325961	0.312655389988
0.229585134291	0.446117656892	0.490255654196
0.278450323765	0.474392564387	0.447507297326
0.496035176538	0.439205456731	0.369069449028
0.247675635691	0.418894229602	0.546428370259
0.292579608015	0.368498707029	0.570508440679
0.283696192214	0.506208393865	0.425001106188
0.264010262963	0.558628697439	0.385389428647
0.44993352536	0.250398522424	0.52735548204
0.447536574573	0.334730504613	0.511057643758
0.581738301718	0.469326985414	0.28754683411
0.421835371095	0.439660045511	0.420068854336
0.494201881867	0.550746729098	0.182307664593
0.179173370466	0.492985422637	0.497886980108
0.237487010267	0.450000690852	0.497934084235
0.462033930944	0.501465547317	0.271636515161
0.364523068041	0.406511193368	0.487947126483
0.274344500263	0.648198205859	0.337839089638
0.275610804421	0.522933607273	0.391024625444
0.145163977344	0.267388286412	0.730426345132
0.146299171463	0.48954244763	0.556118046906
0.4327749018	0.550230868874	0.284003477628
0.353277014932	0.363169614628	0.524551328738
0.278683859314	0.526441327793	0.41334085467
0.337564454554	0.246861479115	0.641927992559
0.388832214413	0.192280030399	0.615955093837
0.209112217	0.382874345452	0.58587139209
0.279287946251	0.404070341758	0.522578371437
0.520408473868	0.531493221988	0.255485589905
0.51659469997	0.343323094388	0.434528872555
0.423925361217	0.549961755817	0.335839331664
0.29202689387	0.350528464751	0.530265718045
0.364166997444	0.524560687008	0.383593583474
0.292598033409	0.49093620057	0.421702783539
0.352416186961	0.373242586037	0.421412012985
0.318270150486	0.376433912355	0.549155936676
0.327179252701	0.397839431956	0.435946269992
0.381384933917	0.585780960398	0.244339455846
0.266623516281	0.27379012785	0.669725621468
0.619226499503	0.421257149719	0.25503404768
0.395274698003	0.38274829	0.409421673696
0.288338663343	0.44375302286	0.490396047371
0.379636821204	0.48737752343	0.402385448616
0.373188086027	0.26339581469	0.58856280828
0.341897534109	0.335173930641	0.562081595845
0.419063005509	0.415885245019	0.406706509295
0.288234918206	0.603142042159	0.338626032052
0.26204722006	0.335440041636	0.578311011847
0.449709236431	0.502124520966	0.235519405091
0.291202397238	0.458745521635	0.472142073698
0.196654794964	0.638375698367	0.391781570989
0.63765616648	0.375898962206	0.332599134298
0.40652683332	0.543914571782	0.279639506532
0.65123770751	0.396011842351	0.300422588955
0.446513703918	0.640019283291	0.210873471279
0.385495153439	0.277546338857	0.607203230484
0.331578996073	0.573917879228	0.332694709882
0.365756051282	0.440633746707	0.44604710075
0.306722376018	0.380540278718	0.525346568133
0.485842912273	0.407941464688	0.370878958792
0.294085232576	0.371118013054	0.577360368995
0.382991832695	0.487223752608	0.383749721551
0.297112286109	0.364810883197	0.565578771587
0.25784575473	0.5952264125	0.359197575786
0.40884735262	0.666138034098	0.200033685943
0.25013568097	0.209402613399	0.730510089226
0.157973928086	0.324799388592	0.708393643317
0.244174246389	0.401696702908	0.543845897639
0.607496146013	0.470235785084	0.280660482068
0.152110300077	0.588285909052	0.457118124664
0.180934656441	0.498833244413	0.528456172045
0.256282982809	0.498145704621	0.43446980062
0.361628023071	0.439907949353	0.425605391966
0.167463238154	0.546525291129	0.499523911924
0.402641681181	0.414669930727	0.437288471178
0.233324204541	0.228942774471	0.716781966448
0.249112589142	0.529012018982	0.411664401616
0.420546765511	0.506718689095	0.35011165415
0.168887909902	0.355198889834	0.659847060919
0.406762676268	0.382567915131	0.42432286373
0.270615510471	0.455745792338	0.502748187107
0.36558494628	0.51710748142	0.359381377563
0.694554147109	0.127767337139	0.57821984923
0.247283186824	0.649995250827	0.320014988864
0.262856981848	0.502461476576	0.43248579749
0.246327998845	0.375622420787	0.5711409866
0.5072073928	0.259185812268	0.536827772933
0.45685994042	0.36026024912	0.448382829089
0.301445168956	0.402676865382	0.457117669096
0.336643954481	0.488609289707	0.423376239631
0.0932120749153	0.600931158832	0.532941408899
0.413065643117	0.569603488642	0.294911726554
0.219714567474	0.770505857516	0.19089129089
0.38443083633	0.206517767495	0.651209470198
0.690820710934	0.193808352966	0.358638152922
0.383757323947	0.27371380643	0.526108542349
0.545882806821	0.338930406981	0.359731521853
0.221255208812	0.468563487578	0.500074411808
0.311833183789	0.35767071381	0.515279976892
0.328217077393	0.533088407299	0.360524086176
0.231010485812	0.492785238929	0.470748600113
0.481009257899	0.418538103038	0.38948600566
0.495780623701	0.254840739616	0.534919742752
0.436840025747	0.34951352618	0.434560593784
0.345771559074	0.406466612507	0.488916021935
0.345257750281	0.45539164835	0.430978101111
0.31289400119	0.242763816243	0.62950065183
0.238632694867	0.514358534375	0.459118910986
0.298065041133	0.376976761282	0.541325482558
0.354292202005	0.294837980201	0.585197412981
0.224929849607	0.439531816672	0.578103709672
0.670981894296	0.441802041949	0.236932955956
0.341648787561	0.208614784869	0.704307383419
0.415594762804	0.224465889905	0.64554132407
0.377602773197	0.34545675278	0.545572076889
0.253826407905	0.409062123314	0.558494695351
0.48561549891	0.322711654995	0.473085510353
0.464380275993	0.388226841339	0.388023013708
0.345841050593	0.368334690693	0.534827226747
0.388195676073	0.43526289824	0.439096855179
0.531841478268	0.39131012709	0.406894689863
0.592235550244	0.356690467065	0.375205225376
0.374635171183	0.33199944451	0.566267583354
0.338673968857	0.297917042344	0.579590990097
0.200919858451	0.348983728798	0.638949192193
0.616739043282	0.467164123195	0.275808929524
0.226804582269	0.536359797712	0.441743263553
0.486355360026	0.455301202344	0.352656006727
0.435906156211	0.454776499122	0.379380201342
0.460839714739	0.184922459396	0.692040648217
0.670201691766	0.498062728675	0.209977592269
0.216995967366	0.45493929956	0.48368800681
0.343908320247	0.564919841941	0.310063263243
0.366516779632	0.46291308113	0.420487475392
0.281100415972	0.312080388301	0.585061346469
0.347668803742	0.310456268132	0.59763033864
0.358069399944	0.365287945057	0.492518866577
0.275006477688	0.458354452068	0.474327315851
0.511391981162	0.267363044084	0.512108348538
0.278020872533	0.200875257643	0.708833957589
0.236813696446	0.486974539946	0.478418019131
0.502213701876	0.39168456491	0.36620905285
0.342757091609	0.496320949253	0.392420479838
0.414462241117	0.450077966982	0.400393348707
0.369451120519	0.540498289727	0.367701303754
0.400346207817	0.453947750726	0.392153892881
0.38163367228	0.539242619	0.319621875771
0.470210547209	0.345619763663	0.418587102952
0.43683371572	0.265631547016	0.494968981979
0.465204670648	0.347042666607	0.483347781373
0.188892097535	0.462961983965	0.562284563437
0.142939612956	0.307789622826	0.717348950307
0.32258507349	0.320453339179	0.560910403415
0.0925403016621	0.433816600555	0.668159746846
0.306644657437	0.369123627013	0.559818719551
0.577118711582	0.388559598655	0.390945571528
0.352867180473	0.340312983794	0.58210487575
0.432557562174	0.152490818938	0.729356632253
0.264854915693	0.497115336107	0.438057867768
0.289762752586	0.468236517743	0.424277664566
0.182245454487	0.32039864674	0.697701294082
0.172288505233	0.211091366715	0.732398842603
0.429596635435	0.530911391403	0.300598403216
0.399060370397	0.319699065873	0.484132542012
0.418030377937	0.388220028268	0.437848778196
0.366649599101	0.485699426311	0.386000907177
0.176033497809	0.242240185031	0.717848002142
0.481527519731	0.276318372537	0.503494655153
0.177787747366	0.597162801607	0.424135414403
0.287251447528	0.549758796211	0.388476404334
0.371497906034	0.312981155048	0.538707180696
0.174344677489	0.206802103869	0.782107160316
0.245456522839	0.476444443533	0.489836067062
0.356569719847	0.35019102203	0.544413151532
0.600244442407	0.465952778952	0.263706564159
0.311208521218	0.420466644005	0.49664809522
0.190846686483	0.282791522317	0.710496679544
0.283562005584	0.675788174479	0.304285795649
0.278397393634	0.589026139161	0.373374574306
0.304209457555	0.44835835631	0.470372683901
0.613461139275	0.612979023063	0.165778935198
0.603285155853	0.436289950587	0.305496272474
0.294861905274	0.271807999359	0.655876980474
0.479295343658	0.54874784592	0.293346415538
0.578940542889	0.30007230419	0.482597662965
0.342474116883	0.521763914958	0.377250173353
0.393271645602	0.264337818115	0.589741317639
0.29406486207	0.524738329382	0.376335130776
0.532641082869	0.35374311575	0.424063268978
0.499024908083	0.333105061781	0.494834036325
0.307505972197	0.5310257841	0.416705888491
0.234854559086	0.311459741672	0.640297661127
0.328199521402	0.371113715045	0.509349659653
0.299493660765	0.333989290817	0.590574662452
0.364164396113	0.303542919075	0.605302999647
0.459008068256	0.414133778316	0.416519504186
0.230356673377	0.466222386977	0.495138625012
0.364776379692	0.4178344852	0.457448107398
0.564213436186	0.54646262589	0.176205002587
0.532657156839	0.366440085425	0.371029855703
0.290645206402	0.357432797915	0.569625656145
0.531721852141	0.465406983747	0.280893539073
0.447640130339	0.485332038384	0.312086438371
0.102187048534	0.263511120498	0.76713603625
0.303698139084	0.262553136594	0.665901835892
0.439493204839	0.291298851651	0.557320543046
0.218035251549	0.462818879277	0.503683761572
0.401936120745	0.407201306135	0.451290741732
0.459683254599	0.504419209607	0.339459519913
0.332669270431	0.494811428348	0.415448631861
0.209396158787	0.344574677082	0.641789061139
0.224900189741	0.395701214238	0.576898395191
0.404528245309	0.377575203155	0.501597141412
0.241280537726	0.31428918974	0.614726857046
0.309645616578	0.418371422515	0.47790988532
0.147499557003	0.438732992778	0.616531788221
0.172262328116	0.550617647711	0.437965078868
0.286150661267	0.214554071145	0.732145064435
0.244236489495	0.490695564247	0.456566186847
0.471541019853	0.432867823567	0.391848641604
0.363587583698	0.457555288823	0.417126462202
0.392816485025	0.510335100858	0.359938106367
0.346741157822	0.61146702502	0.277810372056
0.450694434595	0.406124856679	0.412042196901
0.264233293076	0.392841109333	0.554735256996
0.319730840147	0.479234108683	0.434591749176
0.324777907528	0.377792916664	0.524982682572
0.275150479753	0.548957450388	0.39807968859
0.270238958146	0.677725355277	0.263501513359
0.268939449246	0.45670394406	0.454277610073
0.294915931461	0.235330859934	0.670998561185
0.511963611576	0.448607865324	0.289101162304
0.639252879438	0.462531601811	0.258643286175
0.212736986987	0.34163117072	0.658336035574
0.318113962711	0.518783446015	0.398688722145
0.398078984638	0.381465199781	0.481979477065
0.464387001205	0.178588851782	0.658630469484
0.32193616537	0.360666968046	0.542647486021
0.230045311152	0.530397021567	0.432011550986
0.292404610783	0.240322927711	0.620749256376
0.394066351257	0.515017028341	0.36360183343
0.342708903542	0.347750444196	0.533777168602
0.65480112543	0.501053795366	0.209804052677
0.337594641376	0.496606589029	0.396110438307
0.518926658866	0.361337534074	0.434945550233
0.546863839952	0.512488010342	0.308874903821
0.342612930665	0.435802570645	0.437229509339
0.415386922787	0.505393081776	0.32382600401
0.451193745366	0.351429598423	0.437747840389
0.190111192682	0.574998564345	0.408542645563
0.170719689364	0.385459643279	0.600165117938
0.428758083066	0.364545984399	0.474467348181
0.347600048946	0.430035767556	0.471847131647
0.308902001206	0.518604482937	0.388545187459
0.342814597852	0.356354527075	0.523620275572
0.385957690968	0.38286371495	0.489611377617
0.382737827597	0.343689602428	0.502992302034
0.239304487094	0.350423530505	0.606075497947
0.596471253202	0.340947764256	0.366822555182
0.268444740059	0.319903493356	0.635423080292
0.476472519163	0.358749263297	0.474604201562
0.564637408186	0.556864539276	0.218307459981
0.320483125299	0.561835304162	0.330794496272
0.263656605046	0.0873254937133	0.853225658217
0.386328774525	0.468749674227	0.434158241869
0.285949163192	0.565723172478	0.360365881276
0.354263994492	0.579856806952	0.313242181118
0.466280890008	0.354475861253	0.448317534159
0.558535193993	0.434111869664	0.329451296302
0.383905514178	0.398930704468	0.482470829882
0.211969044755	0.69754085626	0.25402349398
0.188553348008	0.600879244186	0.389663890825
0.381561979003	0.308236522225	0.481984446323
0.242926383099	0.539374590004	0.417074595325
0.461533334831	0.523311420677	0.308403448613
0.366896459872	0.405820368677	0.499608229162
0.341739438705	0.567964672599	0.3704601293
0.322617771854	0.456289514804	0.452378078787
0.498360708632	0.493021494709	0.329935868407
0.435148957678	0.432683510846	0.409413168367
0.347927034745	0.256527548951	0.618217648312
0.267655037132	0.457265888172	0.474348608798
0.45713376105	0.407414850089	0.359353903368
0.428193954748	0.435118882027	0.422776802337
0.270104764159	0.377257949683	0.556631619031
0.166556839633	0.318300340185	0.700571463804
0.149070186413	0.542701308085	0.497231924895
0.325103276571	0.445096939815	0.482594767594
0.380711083716	0.324166149755	0.566428073509
0.296413742796	0.539025362991	0.376028579548
0.269390404317	0.406347632859	0.52438622344
0.327162935928	0.622134891665	0.315966078823
0.294382448731	0.565176066199	0.380584785927
0.4185491027	0.514588381783	0.315184965189
0.265307433903	0.342825947993	0.585155860295
0.218679725977	0.400016703589	0.573115177933
0.197703775215	0.363502746256	0.609793191341
0.461578431325	0.618403155909	0.155291875819
0.376987504802	0.481002695072	0.390074555553
0.283614889677	0.386934337142	0.554832903209
0.387250942028	0.547267233888	0.355201837934
0.234611376397	0.451056716045	0.497715772182
0.289425886398	0.378187422996	0.542245531915
0.36111271009	0.555480053721	0.346403571255
0.359378806614	0.422746792445	0.447345313348
0.526685803286	0.284742029111	0.487229432055
0.320965844131	0.286629228111	0.555221101823
0.203740800343	0.399596461818	0.579598006463
0.129265797282	0.188914778815	0.835495280017
0.17082234881	0.670937577056	0.352215662488
0.413574005317	0.40899635395	0.452433867769
0.221691522165	0.238631638731	0.719784511255
0.255931207315	0.409117026488	0.537319322363
0.207957292901	0.485837473861	0.492108112375
0.111903367141	0.234762641875	0.791460307431
0.451697937388	0.392127701813	0.411456526292
0.316419067904	0.548049475724	0.370464879734
0.365975035804	0.63391826158	0.223055686073
0.126361185676	0.468417452959	0.553267120202
0.243948115294	0.501958887231	0.451266775054
0.235030150997	0.357205213242	0.593341570554
0.44097094104	0.475656193932	0.382679665717
0.220219885148	0.423814732469	0.549477177943
0.40583685593	0.418431028525	0.412909026287
0.568898936242	0.266470540832	0.463954721964
0.326167034348	0.577036080909	0.335808154268
0.18949664826	0.537399636549	0.461302079963
0.173188670024	0.213691369518	0.775467996745
0.257594943227	0.306337764449	0.636104360715
0.344310854796	0.284056176188	0.577333835137
0.29032318377	0.366044942165	0.569007981304
0.316925065393	0.387446971462	0.537582145326
0.245395682451	0.342373570119	0.598548918037
0.476881538288	0.507747834773	0.353851744045
0.382362271329	0.311573497217	0.568619369883
0.431618490611	0.40373100765	0.451884515809
0.243418967329	0.507130339043	0.456691420482
0.441281085548	0.600527671759	0.223061925725
0.279384515551	0.306571722373	0.642202374759
0.115777548029	0.621783222097	0.446021362046
0.322852753291	0.480067529207	0.432187814447
0.0814387828867	0.308781437746	0.765918554274
0.292841205195	0.476336626093	0.448162602766
0.31417303815	0.618729856783	0.336994118628
0.483947824377	0.531675697047	0.266529795547
0.431451526657	0.465267694231	0.384203402531
0.419507208213	0.431335429495	0.409921863305
0.177791928645	0.471745207921	0.519913595637
0.669563008339	0.354419533119	0.299780000327
0.517741144062	0.51710592581	0.264303717655
0.318709353608	0.329560704689	0.596240347891
0.228809849256	0.409240026324	0.551841466957
0.273976925945	0.572378963777	0.362525798463
0.225102353615	0.399077700418	0.574295502318
0.335377517978	0.223061956487	0.683437190281
0.451226772594	0.350547867421	0.484152328789
0.298272316731	0.172446151383	0.74661640897
0.384989882353	0.306141729704	0.514296468469
0.446575953527	0.355976336226	0.467686961106
0.653082707612	0.448029169694	0.264873318336
0.495524861624	0.348619242771	0.4758803296
0.360521342548	0.299755473133	0.583499713575
0.299228722993	0.44204385299	0.48203339741
0.20062143726	0.285122751212	0.702855808583
0.261466756206	0.338029805599	0.614902097899
0.409067290236	0.359343818065	0.471685393559
0.213831770406	0.225705996195	0.751506268399
0.316794657804	0.515977923552	0.390681408257
0.570401588219	0.326968974998	0.385963951706
0.289195233029	0.576066307367	0.358032303615
0.329305651437	0.247156678644	0.624418742364
0.446152753252	0.432802285146	0.427828115389
0.214381399197	0.438899425282	0.525966124779
0.355350131581	0.481083038008	0.403130044603
0.241307814578	0.418544770136	0.532483464823
0.309619443454	0.453743921554	0.466408998197
0.461425871818	0.39750352631	0.443453413718
0.234231243303	0.355042785581	0.598163447108
0.319926590918	0.0919671906152	0.817544166051
0.252894102979	0.263677181534	0.695669704205
0.358807430134	0.397534744896	0.486239942787
0.365242741608	0.426875291177	0.448620119517
0.536757797594	0.259195707079	0.494916449572
0.204824588078	0.394002052918	0.595664304999
0.46713737478	0.477248941324	0.356101847768
0.432915153305	0.345783604173	0.502512661059
0.285945729515	0.294208910727	0.676721127514
0.449035267939	0.230586843205	0.659373292641
0.305046437335	0.213673283475	0.708939986869
0.477314959663	0.631783282101	0.200276650042
0.196683899017	0.320709338197	0.593791358321
0.222477504085	0.422449231024	0.551236941189
0.408386318749	0.505570437698	0.34318141967
0.144360670445	0.216312799429	0.774625229551
0.308530233078	0.620977430704	0.299273745305
0.218172976834	0.493896499632	0.47222029275
0.354844725914	0.394463283766	0.531455877709
0.303274289942	0.376940997789	0.535014722524
0.332779687985	0.383737791884	0.51987091048
0.0854756456852	0.326710056743	0.758900108858
0.194906311251	0.330591165125	0.672832702921
0.477128990437	0.39615706276	0.365828645044
0.315938570407	0.375410443025	0.515171999584
0.285452947577	0.205541247468	0.726027834147
0.192052463035	0.389954473343	0.563943651725
0.271013648196	0.388501519766	0.544735550973
0.199335082873	0.364023449062	0.63059856336
0.263829802262	0.492282340364	0.480622643744
0.16299832895	0.382004848323	0.628147587714
0.597320265937	0.377832148662	0.390148330608
0.0827106804153	0.415702942696	0.701841258368
0.22840152522	0.405324437394	0.575531828586
0.435302350222	0.48693668222	0.36469329116
0.165624587975	0.124425442039	0.875996530813
0.35037467274	0.178650540476	0.71533144994
0.363868740219	0.106790581169	0.782234573042
0.170214422086	0.411064816209	0.639816058623
0.205259207492	0.342425092543	0.645660024094
0.25120697465	0.283815697058	0.664936919954
0.245444826339	0.340864534014	0.608760740634
0.251189293668	0.291175322228	0.67512371164
0.295579090818	0.279804090531	0.617198773421
0.172805987315	0.33240021152	0.688709765483
0.341959556582	0.423976123783	0.460036348233
0.395240995627	0.471762023433	0.385675782008
0.218162894718	0.316286394823	0.641729528799
0.358218403915	0.301515315853	0.572454034457
0.196909506289	0.217240078588	0.764979575491
0.552788278583	0.589887055257	0.211528506126
0.328929984048	0.357188083635	0.560315582864
0.252407809985	0.431613791274	0.50622931041
0.286318557208	0.495655997637	0.415897604392
0.368787872063	0.402150841742	0.498830492117
0.378561369108	0.355042607917	0.550517086283
0.183644107495	0.324338603867	0.683201772124
0.267931016597	0.367618488163	0.560392719085
0.42302358073	0.431944264824	0.403870545756
0.150500133919	0.536957175492	0.555469411084
0.319639476318	0.545302731768	0.384714557309
0.32783324609	0.375866410289	0.519658628578
0.292876908939	0.440595094486	0.469113560777
0.462684635504	0.338710520921	0.433683293908
0.291349833608	0.518167706152	0.432735884944
0.413314001177	0.362143040997	0.478877505092
0.442023652762	0.675125429932	0.130816797684
0.255891336202	0.291643545599	0.689757449631
0.600709864201	0.406981740043	0.331818428488
0.256958911091	0.272118862352	0.670804974381
0.175455674344	0.380760292292	0.626479097615
0.189459518865	0.600667797424	0.381355882808
0.230510042633	0.561050154017	0.408443424461
0.118203685529	0.533280943348	0.555976308486
0.18453200671	0.36575701974	0.627797752049
0.364557917479	0.49893576692	0.416586658305
0.357184626141	0.434214572473	0.442051679099
0.340512068201	0.458388198687	0.439164642195
0.342922791693	0.500968978348	0.4102822974
0.131984653705	0.454050380782	0.61041182839
0.40217516278	0.492442098935	0.366798906291
0.222596241607	0.241055807629	0.714824703408
0.234186127286	0.237248632101	0.728613782433
0.10723021425	0.544181560716	0.51746718868
0.281625840409	0.568499757856	0.358381834366
0.412841779817	0.193666334642	0.612798522416
0.281242952304	0.392961132856	0.51253869491
0.332323554615	0.336521992609	0.516131594351
0.325783973976	0.554209412532	0.372816461045
0.299813683152	0.376821401463	0.553862519892
0.188901141651	0.438827451113	0.502818517987
0.518039978284	0.373522734138	0.384565536768
0.405306159442	0.482699133194	0.290046501322
0.225236606556	0.43776407281	0.517734653713
0.220326432532	0.246673410414	0.720208045303
0.496361279762	0.364678997734	0.403829271199
0.299475162849	0.428675974328	0.49056890263
0.474931773604	0.471100514852	0.348779760328
0.459710154236	0.320164278741	0.521897481872
0.241264622814	0.380985579051	0.550236195644
0.239050027249	0.643039437819	0.326393287432
0.508317541837	0.626933869053	0.196978115834
0.229346722169	0.422149394989	0.551888562911
0.292439859102	0.541516117358	0.394585427472
0.424381783293	0.582550343688	0.234305695539
0.163255052187	0.462032216418	0.580460083956
0.347003458696	0.406978140102	0.485441550626
0.174263979465	0.16423302581	0.815508492644
0.404492307209	0.514078446946	0.358898172246
0.376014564106	0.473748132887	0.420300926667
0.102790451923	0.359134577435	0.738247605831
0.234729065603	0.315475715363	0.649706021645
0.392022088517	0.520315400386	0.339294717109
0.278280863986	0.454372137641	0.466379778505
0.157665151159	0.276914930397	0.735927166807
0.251688469075	0.182677265474	0.769721091711
0.328487229638	0.446215760682	0.429989846659
0.31606004126	0.244416001733	0.637210942308
0.303638098458	0.466320459252	0.418394043863
0.271402569427	0.499368905644	0.434676998843
0.149434852286	0.545688517895	0.477975160647
0.426908935788	0.339794479665	0.524489321985
0.466029177315	0.586567508409	0.242982303535
0.325034441015	0.391285826981	0.441049783915
0.284843563973	0.498210657235	0.418492924066
0.744355368996	0.378422959836	0.176835442014
0.557336948047	0.675829214762	0.156470964836
0.339500574041	0.198093827319	0.713789671828
0.196273200713	0.427658539572	0.567447652368
0.671520968573	0.387400214883	0.312839947388
0.29346114998	0.423299645805	0.521712631883
0.345852433111	0.338893974431	0.542836741133
0.327732570557	0.257601581718	0.647092113238
0.43684765883	0.505915163879	0.33609372864
0.374549721616	0.400917993527	0.478256303114
0.431592884906	0.416786355148	0.426701196248
0.440648028997	0.601637038409	0.221084929615
0.257670514085	0.592891288341	0.374866413609
0.364532050718	0.610755140885	0.296918932154
0.206937231522	0.413385314074	0.567320661654
0.440832733749	0.247156475222	0.589293616142
0.236206050724	0.366418439224	0.594691966305
0.474241742271	0.441037630247	0.367333588322
0.254474832464	0.151505021575	0.766561600169
0.302809761319	0.322904658829	0.614732671516
0.297653003614	0.464551136802	0.450677411929
0.363653645321	0.308551235173	0.595755390966
0.280362985065	0.343719145646	0.55524837658
0.362738964322	0.283652292715	0.585295456122
0.169541118488	0.390741204499	0.627285926582
0.391390162936	0.212550905697	0.619006482701
0.198976403838	0.361829654385	0.61873327747
0.171365993374	0.461705379441	0.537014550401
0.262853551794	0.349049712319	0.556000587468
0.301028078797	0.536862236676	0.400943653458
0.240301932553	0.262989075417	0.673325076571
0.257347231248	0.381969891736	0.55405653815
0.17174158747	0.564799236415	0.429935120357
0.453593605661	0.467233294412	0.301691790758
0.300408214153	0.355969202941	0.577260072399
0.633646885883	0.164538166104	0.542534972539
0.619759913852	0.433155549495	0.298441901873
0.36912536779	0.328937719677	0.535977082034
0.292646442608	0.441164693643	0.476030364072
0.568065942712	0.467256459334	0.309698700403
0.193830765275	0.349979729113	0.621226542739
0.576680056574	0.517439256238	0.245586428072
0.232939462635	0.478373644026	0.511938939301
0.377362156649	0.41330968047	0.465250006797
0.456714526183	0.410459108148	0.348921400255
0.242491222249	0.337901288924	0.600345396523
0.211210192603	0.687120317021	0.313007371976
0.104197320319	0.337715252596	0.717286400733
0.744038317226	0.20613918959	0.319161797841
0.453489177357	0.242461971581	0.589763196128
0.320866609173	0.353109683506	0.536448908734
0.37337417928	0.450726746333	0.428118769324
0.364160422026	0.495639355259	0.390016294404
0.373544388433	0.266122634783	0.606856946983
0.494679686176	0.311221357679	0.473770888052
0.330283985373	0.388098584657	0.469625942052
0.2059182467	0.535793566507	0.466743355443
0.53454897889	0.460541019219	0.264584926401
0.477638863109	0.496829071891	0.342104183672
0.332693341916	0.529784386092	0.364400529653
0.310177569372	0.404409085992	0.485631703152
0.242091244322	0.330973417097	0.594598441125
0.509966118321	0.382154223693	0.3952317932
0.355244040903	0.527428969963	0.37876903036
0.318879938912	0.398389932031	0.497055939918
0.196217312803	0.554989313692	0.447617937796
0.215910273026	0.385710356411	0.546637027472
0.163168431982	0.468187329939	0.519843342033
0.0977652408207	0.464014468411	0.65953209678
0.261597851648	0.396668351969	0.535372789827
0.406357574709	0.473339059835	0.34662646833
0.494082728653	0.496886016096	0.25355515714
0.206544799741	0.265489408524	0.726879642054
0.520940395559	0.42789940003	0.343151458215
0.400347972146	0.408004278574	0.470896939776
0.238153705087	0.245450141856	0.717192791652
0.128046484312	0.603328924141	0.464730722733
0.295656599837	0.245079211327	0.659728709673
0.371172405882	0.536951085452	0.343047041643
0.494718676083	0.22513355376	0.563176023339
0.668420658731	0.596986561168	0.111244758963
0.158095932623	0.318012403922	0.68108656888
0.490641993163	0.395834717144	0.395031171396
0.416830513815	0.370273479308	0.405463386931
0.848471601641	0.24337700727	0.166811833133
0.425334848399	0.40847127008	0.432635234139
0.436446825012	0.482193209478	0.37249003222
0.486310608634	0.468611502601	0.367678921484
0.451215907782	0.459257005972	0.372456952485
0.369488468169	0.266151887354	0.605734511975
0.521062261764	0.490179557738	0.320065628097
0.505356854946	0.342028270453	0.372570774124
0.430503823958	0.466889979741	0.381385828247
0.542268005848	0.444129107546	0.34258634327
0.38755392688	0.359210959098	0.467581092867
0.157572504082	0.586021577301	0.492285536643
0.296655702217	0.480697225777	0.434661832894
0.203481874358	0.501429227353	0.42622994607
0.300109791172	0.487535501726	0.45661561765
0.660574505011	0.427032889404	0.194439545394
0.316433729718	0.387885114023	0.529648119304
0.362132974987	0.353983934637	0.511228182614
0.21257874372	0.378518407332	0.644164476199
0.122513690996	0.489400054311	0.606296307632
0.760185225836	0.353165401237	0.177201705841
0.525320076117	0.311949744674	0.473963730506
0.401136715838	0.340833718767	0.534264892356
0.285422991508	0.463943620893	0.472514514181
0.174486005525	0.194026886996	0.803322894259
0.36307631404	0.433534411505	0.458998238241
0.349619181249	0.164630181656	0.718234459101
0.20370121257	0.16717604624	0.814344867855
0.183989006014	0.241680933079	0.748990420214
0.32913253752	0.383295609889	0.519129939082
0.575482965657	0.448301633858	0.310983053356
0.519936414213	0.414579092604	0.375055030091
0.405103350963	0.699714308153	0.187297633642
0.465953357154	0.528703129498	0.322822652491
0.424004581482	0.126352715917	0.751242566453
0.172360912702	0.233358021125	0.781937582241
0.335713202792	0.213717483991	0.652001493874
0.205046019328	0.376864616574	0.601075552156
0.339877696567	0.523943560597	0.405169277057
0.186846811865	0.208132186713	0.800326389487
0.296908680796	0.416840367626	0.499283319722
0.542054775923	0.246307320705	0.550477042527
0.608438941463	0.430806434229	0.303376430304
0.283801413243	0.31704445768	0.591743876893
0.249538529918	0.305044753466	0.666386608249
0.201653137221	0.246643684119	0.736531312663
0.544151493455	0.35833070267	0.367928006662
0.202289353981	0.392315756722	0.610251190154
0.423914559574	0.478243461239	0.366382261892
0.208941881279	0.345964391818	0.64123719331
0.292718327431	0.40721139274	0.517119028929
0.380022000708	0.477996802341	0.41475699131
0.234160824476	0.275841310652	0.71506849013
0.487439858639	0.500272595337	0.328436357812
0.335883198835	0.694029499372	0.183006295364
0.180711010587	0.450641970639	0.579032708807
0.300226958554	0.407800717463	0.509285672342
0.219820824482	0.127393138379	0.825046928373
0.264536412275	0.427183199682	0.499748212581
0.691513604373	0.333605092811	0.324207835254
0.223535064749	0.430687013346	0.561421215079
0.499057240999	0.527984507898	0.29440032947
0.14343052699	0.251461031139	0.76144788027
0.346923962892	0.529291883194	0.372209254516
0.276833776152	0.484245280811	0.449474732946
0.544130626594	0.643867781529	0.184877493162
0.158574193233	0.566072175183	0.492294736772
0.237793369449	0.568112872085	0.386173956207
0.305934015266	0.245133610016	0.68427184508
0.38294916368	0.388087650009	0.506283626259
0.155765604045	0.526137320109	0.531892199952
0.165470443325	0.324485551573	0.655734486551
0.293683780055	0.480361991868	0.440341962923
0.317395254109	0.391884227898	0.532946349669
0.30428178066	0.31664992445	0.553248584471
0.523581257925	0.527486168727	0.295798643145
0.324558267882	0.205527244339	0.694348725494
0.0931811405801	0.272408537057	0.784376316794
0.356501372478	0.432714092623	0.444139158028
0.175272772379	0.417092164329	0.595621625839
0.334998513454	0.603264957911	0.321216923706
0.292985224848	0.329045569961	0.602844775515
0.385182267455	0.27413982894	0.533988371787
0.262970494528	0.360907620719	0.584683281903
0.261645774109	0.470749121302	0.486189892509
0.356037831976	0.469575205247	0.41245844373
0.350606361584	0.359785098522	0.516952052256
0.172923605554	0.323180515844	0.694206560036
0.16351793996	0.541432516149	0.465048182894
0.351628472883	0.287427382602	0.615167906132
0.211962273944	0.460373972292	0.459178991068
0.296184811297	0.311461253708	0.607450572898
0.240045182231	0.408759923636	0.57019602576
0.255940753011	0.494258324963	0.441789743192
0.308549563106	0.419652797811	0.51133160232
0.46477475429	0.303887007539	0.454127124345
0.394062715352	0.377465269966	0.479331042694
0.371798084458	0.272335815687	0.616943047902
0.363163625821	0.517617073841	0.399706502057
0.201327195506	0.34729034295	0.630025999036
0.36300609665	0.621854796421	0.254737229645
